
154,0,0,0,0,79,0,0,0,0,1,40,2,"spammer"
1277,11,18,2,0,398,0,0,0,0,1,44,2,"spammer"
47,1701,620,479,0,495,386,0,3,1,1,118,1,"spammer"
681,12,543,1,0,170,0,0,0,0,1,33,4,"spammer"
143,697,627,5142,1,13828,0,0,0,2,1,80,0,"spammer"
180,249,319,753,2,6696,0,0,1,0,1,59,2,"spammer"
573,1834,1842,31,0,5253,0,0,1,0,1,55,6,"spammer"
706,2,18,0,0,71,0,0,0,0,1,42,0,"spammer"
558,8976,1766,77,0,78076,1,0,1,2,1,109,1,"spammer"
36,442,573,2,0,264,0,0,0,0,1,49,0,"spammer"
41,21,52,3,0,169,374,0,0,1,1,97,9,"spammer"
731,1,0,0,0,18,0,0,0,0,1,40,0,"spammer"
655,376,462,833,0,8778,0,0,1,0,1,55,6,"spammer"
951,16080,31,1,103,500230,0,0,7,0,1,66,0,"spammer"
19,5,5,571,0,1765,55,0,3,1,1,109,0,"spammer"
795,1160,458,4654,3,17562,0,0,1,0,1,55,6,"spammer"
133,554,531,789,0,9964,0,0,1,1,1,86,0,"spammer"
850,0,1,0,0,43,0,0,0,0,1,47,3,"spammer"
1454,134,123,32,14,5413,2,0,0,1,1,59,7,"spammer"
575,116,650,16,0,545,13,0,2,1,1,108,0,"spammer"
629,0,247,0,0,99,0,0,0,0,1,11,0,"spammer"
410,0,0,0,0,41,0,0,0,0,1,49,7,"spammer"
535,4986,1923,323,4,34567,0,0,1,0,1,71,5,"spammer"
488,467,440,387,1,5360,0,0,1,0,1,66,4,"spammer"
757,3755,4004,5,54,5029,0,0,0,0,1,107,0,"spammer"
574,218,151,204,1,5382,0,0,1,1,1,78,2,"spammer"
577,1,10,0,0,25,0,0,0,0,1,54,0,"spammer"
19,19,22,0,0,85,4,0,0,1,1,53,1,"spammer"
0,0,0,0,0,3,0,0,0,1,1,17,0,"spammer"
0,0,0,0,0,3,0,0,0,1,1,14,0,"spammer"
0,0,0,0,0,5,0,0,0,1,1,12,2,"spammer"
161,1230,963,40,3,43454,0,0,1,1,1,81,0,"spammer"
1258,16502,17075,286,5,19753,0,0,0,0,1,82,5,"spammer"
240,93,63,0,0,16364,0,0,0,0,1,53,0,"spammer"
913,548,230,3564,3,33559,2,0,1,4,1,106,3,"spammer"
683,2,12,7,0,15,0,0,0,0,1,44,2,"spammer"
1404,22,14,2,0,38,0,0,0,0,1,43,0,"spammer"
20,1,7,0,0,24,74,0,0,1,1,102,3,"spammer"
0,0,0,0,0,1,0,0,0,0,1,21,0,"spammer"
1568,1,2,0,0,98,0,0,0,0,1,33,0,"spammer"
743,2,14,0,0,49,0,0,0,0,1,41,3,"spammer"
232,475,445,90,0,7887,0,0,1,0,1,59,2,"spammer"
1132,321,808,25,2,1274,0,0,1,0,1,55,6,"spammer"
507,2,0,0,0,85,0,0,0,0,1,8,1,"spammer"
521,0,9,0,0,73,0,0,1,0,1,17,0,"spammer"
11,264,376,0,0,35,0,0,2,0,1,73,0,"spammer"
290,305,1738,36,0,1414,973,0,0,1,1,113,4,"spammer"
308,618,1965,169,0,2835,48644,0,0,1,1,106,0,"spammer"
142,0,60,8,0,173,0,0,0,0,1,30,0,"spammer"
1041,367,357,1765,0,10885,0,0,1,0,1,55,6,"spammer"
25,148,240,28,1,456,0,0,1,0,1,100,0,"spammer"
0,0,0,0,0,1,0,0,0,1,1,13,2,"spammer"
882,1,1,0,0,25,0,0,0,0,1,54,0,"spammer"
21,0,6,0,0,34,127,0,0,1,1,74,0,"spammer"
1162,996,962,32,11,4449,0,0,1,0,1,55,6,"spammer"
649,214,415,115,0,6445,0,0,1,0,1,55,6,"spammer"
54,310,350,364,0,1817,610,0,2,1,1,118,0,"spammer"
319,1161,1819,2218,5,19847,0,0,1,0,1,55,6,"spammer"
272,0,10,0,0,1371,0,0,0,0,1,69,0,"spammer"
541,538,517,172,1,2530,0,0,1,0,1,56,7,"spammer"
375,729,1240,131,0,7030,1,0,1,2,1,97,2,"spammer"
559,356,528,282,0,16185,1,0,1,2,1,105,4,"spammer"
103,89,79,0,0,12223,0,0,1,0,1,36,0,"spammer"
1685,625,1993,168,27,12994,1,0,0,2,1,29,3,"spammer"
0,0,0,0,0,4,0,0,0,1,1,16,0,"spammer"
363,39,31,0,0,486,6,0,0,1,1,28,0,"spammer"
0,0,0,0,0,4,0,0,0,1,1,15,0,"spammer"
0,0,0,0,0,2,0,0,0,1,1,11,0,"spammer"
0,0,0,0,0,3,0,0,0,1,1,13,1,"spammer"
743,581,533,9076,2,24908,0,0,1,1,1,64,2,"spammer"
87,3608,3967,0,17,7353,0,0,0,0,1,60,0,"spammer"
1211,2728,2153,296,41,51877,0,0,1,0,1,48,4,"spammer"
825,0,9,0,0,442,0,0,0,0,1,60,3,"spammer"
178,29,90,6,1,221,0,0,0,0,1,33,0,"spammer"
0,0,0,0,0,3,0,0,0,1,1,12,3,"spammer"
491,0,6,0,0,18,0,0,0,0,1,59,3,"spammer"
1187,51,149,98,0,722,1,0,1,2,1,85,1,"spammer"
54,848,1181,0,0,27656,0,0,0,0,1,72,0,"spammer"
96,76,13,0,0,1642,0,0,0,3,1,73,0,"spammer"
1618,1,71,0,0,216,0,0,0,0,1,35,4,"spammer"
706,786,692,437,0,16960,0,0,1,1,1,92,0,"spammer"
572,41,1019,58,0,1662,0,0,3,0,1,87,0,"spammer"
356,660,1803,812,0,3153,1,0,1,2,1,109,4,"spammer"
302,603,699,566,2,7915,0,0,1,1,1,108,6,"spammer"
300,279,223,299,0,3334,1,0,1,2,1,95,2,"spammer"
84,1765,576,4637,3,3465,0,0,0,0,1,101,8,"spammer"
446,2536,1087,55,3,28607,0,0,1,1,1,90,0,"spammer"
175,2046,1971,122,0,11243,0,0,1,1,1,93,1,"spammer"
950,0,0,0,0,25,0,0,0,0,1,50,1,"spammer"
0,0,0,0,0,3,0,0,0,1,1,13,0,"spammer"
682,376,381,1924,1,2619,0,0,1,0,1,55,6,"spammer"
68,0,1,0,0,1048,0,0,0,0,1,44,4,"spammer"
0,1,17,0,0,31,287,0,3,1,1,102,0,"spammer"
344,0,40,0,0,3,0,0,0,0,1,80,0,"spammer"
778,1,5,0,0,27,0,0,0,0,1,52,0,"spammer"
986,6426,5419,2561,21,31100,0,0,1,0,1,55,6,"spammer"
180,510,316,539,2,2778,0,0,1,0,1,81,11,"spammer"
1157,0,55,0,0,39,0,0,0,0,1,64,0,"spammer"
212,3,2,0,0,607,0,0,0,0,1,53,0,"spammer"
250,336,269,209,0,2336,0,0,1,0,1,55,6,"spammer"
1058,4827,1310,0,140,96693,0,0,0,0,1,114,0,"spammer"
482,2299,2172,237,1,29645,0,0,1,1,1,73,2,"spammer"
749,936,414,5679,10,24174,1,0,1,2,1,104,1,"spammer"
586,10947,10586,2469,2,2089,0,0,0,0,1,101,8,"spammer"
656,150,125,202,0,1602,0,0,1,0,1,58,0,"spammer"
63,42,1332,65,0,1853,0,0,2,0,1,82,0,"spammer"
0,0,0,0,0,5,0,0,0,1,1,15,2,"spammer"
0,1,15,0,0,29,0,0,2,0,1,64,0,"spammer"
1154,6,3,0,0,32,0,0,0,0,1,44,4,"spammer"
970,324,301,159,1,21155,0,0,1,0,2,57,3,"spammer"
0,0,0,0,0,2,0,0,0,0,2,41,0,"spammer"
568,1,10,0,0,9,0,0,0,0,1,28,0,"spammer"
164,123,193,191,1,1052,1,0,2,1,1,113,0,"spammer"
703,1,61,0,0,72,0,0,1,0,1,33,0,"spammer"
1055,1,2,0,0,19,0,0,0,0,1,61,0,"spammer"
951,16082,31,1,103,500319,0,0,6,0,1,64,0,"spammer"
840,0,0,0,0,17,0,0,0,0,1,71,0,"spammer"
323,0,0,0,0,17,0,0,0,0,1,31,1,"spammer"
121,35,38,0,0,2794,143,0,0,1,1,102,3,"spammer"
110,199,322,0,0,247,0,0,0,0,1,35,0,"spammer"
22,0,11,0,0,54,0,0,0,0,1,43,1,"spammer"
59,0,1,0,0,4,48207,0,0,1,1,106,0,"spammer"
264,1132,79,50,1,25732,0,0,1,1,1,91,1,"spammer"
777,124,280,237,2,20548,0,0,1,0,1,55,6,"spammer"
778,2,15,0,0,19,0,0,0,0,1,34,3,"spammer"
668,0,0,0,0,39,0,0,0,0,1,17,0,"spammer"
1329,722,1996,47,2,37787,0,0,1,0,1,55,6,"spammer"
839,744,342,2366,1,17910,0,0,1,0,1,55,6,"spammer"
758,1310,224,5,1,35083,0,0,1,1,1,95,3,"spammer"
343,1861,1778,117,2,15754,0,0,1,1,1,70,4,"spammer"
1058,9,30,2,0,139,0,0,1,0,1,37,0,"spammer"
1731,8,19,0,0,77,0,0,0,0,1,33,0,"spammer"
616,57,93,1,0,5882,0,0,0,0,1,71,0,"spammer"
146,2,6,0,0,668,0,0,0,0,1,48,4,"spammer"
77,35,48,0,0,87,1,0,0,1,1,40,0,"spammer"
304,32,0,0,0,10717,0,0,0,0,1,57,0,"spammer"
0,0,0,0,0,2,0,0,0,1,1,8,0,"spammer"
0,0,0,0,0,5,0,0,0,1,1,14,0,"spammer"
464,44,583,0,0,1311,0,0,0,0,2,89,2,"spammer"
1076,1156,757,119,2,16132,0,0,1,0,1,55,6,"spammer"
171,2484,1645,66,5,19313,0,0,1,0,1,71,4,"spammer"
664,3277,2683,0,25,3595,0,0,0,0,1,45,0,"spammer"
247,9012,7903,90,10,5468,0,0,0,0,1,81,12,"spammer"
80,1,288,0,0,74,0,0,0,0,1,46,0,"spammer"
320,135,356,84,0,2339,1,0,1,2,1,99,0,"spammer"
189,181,208,0,0,781,0,0,0,0,1,30,3,"spammer"
979,1180,888,229,14,36030,0,0,1,0,1,55,6,"spammer"
394,1029,859,9695,1,17867,0,0,1,0,1,55,6,"spammer"
428,1729,1118,45,0,47958,0,0,0,4,1,97,2,"spammer"
6,2,406,8,0,51,1,0,0,1,1,75,0,"spammer"
549,1738,1959,0,8,25326,0,0,4,0,1,107,0,"spammer"
28,100,73,35,0,145,0,0,2,0,1,74,0,"spammer"
39,0,0,0,0,47,0,0,0,0,1,39,3,"spammer"
229,0,7,0,0,29,0,0,0,0,1,50,4,"spammer"
305,245,134,5,0,1274,0,0,0,0,1,37,0,"spammer"
1144,2627,343,205,4,38486,0,0,1,1,1,85,0,"spammer"
812,0,5,1,0,3,0,0,0,0,1,75,0,"spammer"
498,0,57,0,0,83,0,0,1,0,1,36,0,"spammer"
1368,416,515,0,5,1820,0,0,0,0,1,7,0,"spammer"
0,0,0,0,0,1,0,0,0,0,2,28,0,"spammer"
453,429,1206,751,3,6859,0,0,1,0,1,55,6,"spammer"
58,51,890,66,0,1761,0,0,2,0,1,82,0,"spammer"
647,0,6,0,0,11,0,0,0,0,1,32,0,"spammer"
562,309,296,695,0,13520,0,0,1,0,1,60,6,"spammer"
0,0,0,0,0,2,0,0,0,0,2,35,0,"spammer"
369,27,22,0,0,3753,0,0,0,0,1,118,13,"spammer"
1117,2,31,3,0,10,0,0,0,0,1,44,3,"spammer"
712,29,72,0,0,93,0,0,0,0,1,35,0,"spammer"
0,0,0,0,0,2,0,0,0,1,1,10,0,"spammer"
1244,1427,1623,28,9,30401,0,0,1,0,1,88,7,"spammer"
1331,36,714,0,0,632,0,0,0,0,1,48,4,"spammer"
338,3640,1926,1186,2,70321,0,0,2,0,1,69,0,"spammer"
601,358,1723,2,0,325,0,0,0,0,1,79,0,"spammer"
391,160,181,257,1,758,0,0,1,3,1,111,8,"spammer"
0,0,42,0,0,2,0,0,0,0,1,18,0,"spammer"
1204,2308,736,30,0,27538,0,0,1,0,1,66,4,"spammer"
334,297,690,5895,5,9849,0,0,1,1,1,83,6,"spammer"
22,0,6,0,0,18,214,0,0,1,1,71,0,"spammer"
190,4,0,5,1,8596,0,0,2,0,1,69,0,"spammer"
116,0,6,0,0,13,0,0,0,0,1,32,3,"spammer"
20,0,4,38,0,61,648,0,3,1,1,112,0,"spammer"
179,156,115,238,0,2802,0,0,1,0,1,85,4,"spammer"
0,0,0,0,0,2,0,0,0,1,1,10,0,"spammer"
0,0,0,0,0,2,0,0,0,0,2,53,3,"spammer"
885,0,9,0,0,31,0,0,0,0,1,41,0,"spammer"
603,873,461,327,1,17491,0,0,1,1,1,75,0,"spammer"
0,0,0,0,0,3,0,0,0,1,1,17,0,"spammer"
518,228,154,1792,0,1032,0,0,0,0,1,59,3,"spammer"
711,59,51,1,0,541,0,0,0,0,1,51,7,"spammer"
507,340,918,398,1,4606,0,0,1,0,1,55,6,"spammer"
1368,401,516,0,7,1955,0,0,0,0,1,13,0,"spammer"
1180,8,10,0,0,39,0,0,0,0,1,40,0,"spammer"
772,8,38,0,0,317,0,0,0,0,1,88,0,"spammer"
253,2,10,0,0,23379,0,0,0,0,1,76,0,"spammer"
586,628,657,63,1,7052,0,0,1,1,1,97,0,"spammer"
920,275,591,55,1,3287,0,0,0,0,1,60,4,"spammer"
84,17,15,0,0,18905,0,0,1,0,1,89,1,"spammer"
351,15,128,0,0,84,0,0,0,0,1,29,2,"spammer"
1126,4671,3507,194,30,97814,0,0,1,0,1,40,4,"spammer"
642,352,162,472,0,4771,0,0,0,0,1,58,2,"spammer"
1711,52,230,1,0,273,0,0,0,0,1,30,0,"spammer"
430,286,260,40,0,1285,1,0,1,2,1,95,3,"spammer"
106,98,85,0,0,12212,0,0,1,0,1,34,0,"spammer"
1041,0,1022,1,0,190,0,0,0,0,1,68,0,"spammer"
0,0,0,0,0,2,0,0,0,1,1,11,0,"spammer"
908,7,31,0,0,362,0,0,0,0,1,39,0,"spammer"
0,0,0,0,0,2,0,0,0,1,1,15,0,"spammer"
1,258,283,5,0,71,211,0,0,1,1,38,0,"spammer"
23,0,6,0,0,35,229,0,0,1,1,54,0,"spammer"
860,3,0,0,0,23,0,0,0,0,1,55,0,"spammer"
0,0,0,0,0,0,0,0,0,1,1,13,0,"spammer"
78,85,1388,76,0,1190,2191,0,0,1,1,113,4,"spammer"
1703,1809,100,0,71,82110,0,0,2,0,1,62,0,"spammer"
818,126,87,2074,0,2597,0,0,0,0,1,76,4,"spammer"
270,171,153,1720,0,650,0,0,0,0,1,98,5,"spammer"
1975,457,138,27,22,414,0,0,0,0,1,52,0,"spammer"
455,0,20,0,0,20,0,0,0,0,1,33,0,"spammer"
0,0,0,0,0,2,0,0,0,1,1,13,0,"spammer"
741,6227,180,731,33,15998,0,0,2,0,2,96,3,"spammer"
0,0,46,0,0,2,0,0,0,0,1,15,1,"spammer"
173,198,336,0,2,56233,0,0,2,0,1,40,1,"spammer"
539,422,2001,1115,0,4296,38,0,0,1,1,52,0,"spammer"
1039,422,423,64,0,11726,0,0,1,0,1,55,6,"spammer"
1370,424,551,0,0,1448,0,0,0,0,1,16,0,"spammer"
35,4190,49,509,0,12637,0,0,0,0,1,48,13,"spammer"
299,574,514,10,0,6840,0,0,1,1,1,103,0,"spammer"
337,608,824,1784,2,9648,0,0,1,1,1,95,0,"spammer"
275,6,71,0,0,407,0,0,0,0,1,27,0,"spammer"
35,140,153,0,0,181,0,0,0,0,1,52,0,"spammer"
21,328,38,2638,0,632,171,0,2,1,1,118,0,"spammer"
107,578,483,101,1,1703,0,0,0,0,1,31,0,"spammer"
1212,2606,342,265,2,102361,0,0,2,0,1,55,0,"spammer"
645,371,1780,0,0,8672,0,0,0,0,1,44,3,"spammer"
318,1,8,0,0,1068,0,0,0,0,1,38,0,"spammer"
1302,2145,506,151,0,272,0,0,0,0,1,70,0,"spammer"
340,1069,1530,314,3,9652,0,0,1,0,1,68,6,"spammer"
0,0,0,0,0,5,0,0,0,1,1,8,0,"spammer"
582,1,2,0,0,158,0,0,0,0,1,53,0,"spammer"
0,0,0,0,0,1,0,0,0,1,1,12,0,"spammer"
1503,1193,1485,161,14,6611,0,0,1,0,1,53,0,"spammer"
141,565,261,3594,21,6517,0,0,1,0,1,109,6,"spammer"
358,399,210,22,1,10501,0,0,1,0,1,55,6,"spammer"
397,345,195,451,0,36390,0,0,1,0,1,61,7,"spammer"
1401,13,2,0,0,36,0,0,0,0,1,62,1,"spammer"
52,243,346,0,0,15454,0,0,0,0,1,97,0,"spammer"
226,1942,1878,0,0,8308,0,0,0,0,1,31,0,"spammer"
1504,380,406,2279,6,87566,0,0,1,0,2,57,3,"spammer"
725,144,391,30,0,654,202,0,3,1,1,118,1,"spammer"
337,53,53,102,0,282,0,0,2,0,1,77,0,"spammer"
1155,379591,142081,3549,1656,165524,0,0,0,0,1,112,2,"spammer"
1256,254,287,2225,2,27192,0,0,1,1,1,76,0,"spammer"
431,8,145,3,0,47,0,0,2,0,1,74,0,"spammer"
607,614,415,65,0,24346,0,0,1,3,1,97,6,"spammer"
1518,12136,12099,9,6,962,0,0,1,0,2,57,3,"spammer"
944,8,8,2,0,38,0,0,0,0,1,99,0,"spammer"
0,0,0,0,0,3,0,0,0,1,1,17,0,"spammer"
348,791,179,12405,6,16796,0,0,1,0,1,55,6,"spammer"
1592,133,98,87,1,3202,1,0,1,2,1,117,0,"spammer"
962,0,0,0,0,44,0,0,0,0,1,56,4,"spammer"
504,1474,1471,1839,1,24408,1,0,1,2,1,103,0,"spammer"
0,0,0,0,0,1,0,0,0,1,1,11,0,"spammer"
822,181,141,0,0,1702,0,0,0,0,1,32,0,"spammer"
197,241,298,29,0,895,0,0,0,0,1,77,5,"spammer"
1495,77,2003,1,0,282,0,0,0,0,1,52,0,"spammer"
818,556,431,687,0,18203,0,0,1,1,1,64,1,"spammer"
515,260,127,0,0,1466,0,0,0,0,1,61,0,"spammer"
97,5019,4921,55,2,9006,0,0,2,0,1,99,2,"spammer"
405,86,59,39,0,133,0,0,0,0,1,44,2,"spammer"
303,25,0,0,0,9525,0,0,0,0,1,16,0,"spammer"
325,4914,3633,0,5,21576,0,0,2,0,1,57,0,"spammer"
706,786,692,437,0,16958,0,0,1,1,1,79,0,"spammer"
1,1403,868,7,0,101,0,0,0,0,1,73,0,"spammer"
6,529,2005,116,0,206,183,0,2,1,1,118,0,"spammer"
557,544,369,341,0,26122,1,0,1,2,1,118,3,"spammer"
289,617,619,31,0,1234,471,0,3,1,1,118,1,"spammer"
105,98,81,0,0,12263,0,0,1,0,1,27,0,"spammer"
1799,6,10,0,0,80,0,0,0,0,1,25,0,"spammer"
150,0,11,0,0,39,0,0,0,0,1,25,0,"spammer"
4,1,2,0,0,4,48247,0,0,1,1,106,0,"spammer"
686,0,55,0,0,14,0,0,0,0,1,69,4,"spammer"
0,0,0,0,0,2,0,0,0,1,1,15,0,"spammer"
239,1153,54,1308,0,3137,0,0,0,0,1,99,6,"spammer"
218,527,77,32,0,37954,0,0,1,0,1,105,32,"spammer"
170,0,6,0,0,32,0,0,0,0,1,22,1,"spammer"
240,116,70,0,0,48446,0,0,0,0,1,46,0,"spammer"
1,322,252,17,0,43,384,0,3,1,1,118,1,"spammer"
1535,21,3,0,0,27,0,0,0,0,1,57,0,"spammer"
459,8,188,4,0,17,0,0,0,0,1,22,0,"spammer"
171,2484,1645,66,5,19296,0,0,1,0,1,87,1,"spammer"
1422,608,1387,299,19,2149,0,0,0,0,1,60,0,"spammer"
154,0,0,0,0,88,0,0,0,0,1,37,0,"spammer"
1712,13,69,0,0,286,0,0,0,0,1,41,0,"spammer"
510,5605,358,268,4,11138,0,0,1,0,1,112,6,"spammer"
836,279,289,118,0,1295,0,0,1,0,1,55,6,"spammer"
811,0,6,0,0,77,0,0,1,0,1,31,0,"spammer"
397,47,68,37,0,470,0,0,2,0,1,78,0,"spammer"
647,254,120,70,0,818,0,0,2,0,1,77,0,"spammer"
1149,433,217,26,4,9175,0,0,1,0,1,44,7,"spammer"
999,1242,1992,2,1,19040,0,0,0,0,1,92,0,"spammer"
624,0,67,0,0,431,0,0,0,0,1,41,0,"spammer"
352,85,0,0,0,8263,0,0,3,1,1,105,0,"spammer"
394,0,0,0,0,19,0,0,0,0,1,44,0,"spammer"
256,494,805,1007,0,12422,0,0,1,1,1,84,2,"spammer"
955,40,2001,1,0,354,0,0,0,1,1,50,4,"spammer"
810,31,51,12,0,110,0,0,0,0,1,24,0,"spammer"
927,409,600,958,6,11784,1,0,1,2,1,92,0,"spammer"
1787,1,17,1,0,78,0,0,0,0,1,25,0,"spammer"
264,1,4,1,0,24,0,0,0,0,1,42,1,"spammer"
581,0,9,0,0,26,0,0,0,0,1,45,3,"spammer"
882,0,0,0,0,20,0,0,0,0,1,41,4,"spammer"
162,1139,76,31,0,5302,0,0,0,0,2,87,10,"spammer"
299,574,514,10,0,6934,0,0,1,0,1,56,3,"spammer"
212,1542,995,0,0,27027,1,0,1,3,1,68,0,"spammer"
680,0,0,0,0,6,0,0,0,0,1,41,0,"spammer"
1385,2,442,0,0,16,0,0,0,0,1,19,1,"spammer"
161,1230,963,40,3,43461,0,0,1,0,1,95,15,"spammer"
0,0,45,0,0,2,0,0,0,0,1,23,0,"spammer"
174,176,179,131,0,23036,0,0,1,0,1,55,6,"spammer"
892,22606,23250,3028,112,26321,0,0,1,0,1,68,6,"spammer"
691,1,6,0,0,60,0,0,0,0,1,40,0,"spammer"
552,178,93,286,0,515,0,0,0,0,1,59,3,"spammer"
716,8,9,0,0,13,0,0,0,0,1,28,1,"spammer"
218,527,77,32,0,38164,0,0,2,0,1,68,0,"spammer"
305,271,106,51,1,5703,0,0,1,1,1,75,0,"spammer"
204,446,420,615,4,16895,0,0,2,0,1,63,2,"spammer"
92,135,2002,75,2,1323,1910,0,0,1,1,113,4,"spammer"
2117,788,1986,45,8,41307,0,0,1,0,1,59,0,"spammer"
402,3,8,1,0,162,0,0,0,0,1,43,2,"spammer"
1109,18,22,25,2,325,0,0,0,0,1,38,0,"spammer"
691,166,1999,14,1,2777,0,0,5,0,1,113,0,"spammer"
66,1,10,0,0,27046,0,0,1,0,1,42,0,"spammer"
383,173,400,939,0,1865,0,0,1,1,1,99,2,"spammer"
666,353,173,89,0,16043,0,0,1,0,1,55,6,"spammer"
790,0,1,0,0,33,0,0,0,0,1,26,0,"spammer"
0,0,0,0,0,2,0,0,0,1,1,12,0,"spammer"
0,0,0,0,0,3,0,0,0,1,1,16,0,"spammer"
692,0,0,0,0,23,0,0,0,0,1,28,0,"spammer"
19,4,5,744,0,2359,318,0,0,1,1,54,2,"spammer"
154,467,444,19,0,1765,48570,0,0,1,1,106,0,"spammer"
2229,3,199,0,0,90,0,0,0,0,1,31,0,"spammer"
907,4,0,0,0,46,0,0,0,0,1,67,4,"spammer"
213,74,866,33,0,551,52,0,0,1,1,113,4,"spammer"
473,0,6,0,0,56,0,0,0,0,1,53,2,"spammer"
779,4,47,2,0,290,0,0,0,1,1,55,0,"spammer"
1398,498,1042,5800,6,20538,0,0,1,1,1,92,0,"spammer"
335,0,5,0,0,25,0,0,0,0,1,25,0,"spammer"
304,24,1,0,0,10709,0,0,0,0,1,56,0,"spammer"
5,286,768,63,0,157,331,0,3,1,1,118,1,"spammer"
598,136,137,0,0,351,0,0,0,0,1,40,1,"spammer"
1040,2,596,1,0,35,0,0,0,0,1,27,0,"spammer"
171,1474,905,422,5,7291,0,0,1,0,1,79,6,"spammer"
434,1026,604,2889,0,15942,2,0,1,6,1,106,5,"spammer"
354,419,112,36,0,18358,0,0,1,0,1,56,0,"spammer"
1055,5188,1522,0,119,52520,0,0,1,0,1,111,0,"spammer"
1017,232,179,62,0,3053,0,0,1,5,1,87,5,"spammer"
0,0,42,0,0,2,0,0,0,0,1,23,0,"spammer"
625,756,502,0,0,39967,0,0,1,0,1,56,3,"spammer"
75,2,10,0,0,81,0,0,0,0,1,44,0,"spammer"
0,0,0,0,0,5,0,0,0,1,1,13,1,"spammer"
0,0,0,0,0,3,0,0,0,1,1,17,0,"spammer"
20,0,5,0,0,18,0,0,2,0,1,66,0,"spammer"
21,1,6,0,0,24,62,0,0,1,1,98,0,"spammer"
206,21,23,41,0,260,0,0,0,0,1,50,0,"spammer"
830,321,1932,5,0,370,0,0,2,0,1,78,0,"spammer"
865,17,9,0,0,1036,0,0,0,0,1,23,0,"spammer"
0,0,49,0,0,2,0,0,0,0,1,15,1,"spammer"
740,1,250,0,0,29,0,0,0,0,1,40,0,"spammer"
274,5870,1313,31,0,1158,0,0,1,0,1,39,4,"spammer"
0,0,41,0,0,2,0,0,0,0,1,18,0,"spammer"
61,2,13,0,0,93,0,0,0,0,1,37,0,"spammer"
0,0,0,0,0,1,0,0,0,1,1,17,2,"spammer"
16,144,281,45,0,585,0,0,2,0,1,68,0,"spammer"
1022,491,397,847,1,18951,0,0,1,0,1,55,6,"spammer"
0,0,0,0,0,1,0,0,0,1,1,6,0,"spammer"
413,1320,187,58,0,227,0,0,0,0,1,93,0,"spammer"
378,10612,11675,5518,32,5369,9,0,0,3,2,96,0,"spammer"
750,0,2,0,0,40,0,0,0,0,1,16,0,"spammer"
610,245,193,130,0,2725,0,0,1,0,1,55,6,"spammer"
476,0,15,0,0,80,0,0,1,0,1,23,0,"spammer"
262,208,1597,68,0,2139,2252,0,0,1,1,113,4,"spammer"
808,1,4,0,0,94,0,0,0,0,1,50,1,"spammer"
508,5,2003,0,0,74,0,0,0,0,1,46,1,"spammer"
933,0,0,0,0,32,0,0,0,0,1,45,0,"spammer"
946,767,574,1399,2,24265,0,0,1,5,1,97,2,"spammer"
121,31,35,0,1,2819,18,0,0,1,1,66,0,"spammer"
242,977,1159,38,2,703,677,0,3,1,1,118,1,"spammer"
297,329,315,322,0,6465,0,0,1,1,1,81,2,"spammer"
1403,256,221,202,4,49356,1,0,1,2,1,93,0,"spammer"
26,2,27,0,0,50,1,0,0,1,1,42,0,"spammer"
214,179,149,364,0,7937,0,0,0,0,1,82,5,"spammer"
635,7,2002,0,0,92,0,0,0,0,1,43,0,"spammer"
283,1839,1775,1487,0,2003,0,0,2,0,1,74,0,"spammer"
1447,455,348,1033,9,37399,0,0,1,0,1,55,6,"spammer"
13,540,547,10,0,1034,0,0,2,0,1,97,2,"spammer"
105,259,173,3219,0,7611,0,0,1,1,1,102,2,"spammer"
0,0,0,0,0,4,0,0,0,1,1,10,0,"spammer"
175,3,10,74,0,16,0,0,0,0,1,53,0,"spammer"
93,394,112,7,0,2632,3,0,1,1,1,118,1,"spammer"
1038,354,340,0,2,12743,0,0,1,0,1,55,6,"spammer"
251,0,11,0,0,18,0,0,0,0,1,32,0,"spammer"
589,558,536,362,0,305,6797,0,0,1,1,98,0,"spammer"
1028,18,35,0,0,153,0,0,0,0,1,30,0,"spammer"
913,795,1009,139,0,23111,0,0,1,0,1,55,6,"spammer"
919,357,1294,2,3,2112,0,0,0,0,1,34,0,"spammer"
294,0,0,0,0,35,0,0,0,0,1,49,0,"spammer"
110,0,7,0,0,14,0,0,0,0,1,37,3,"spammer"
740,1,250,0,0,28,0,0,0,0,1,38,1,"spammer"
1144,2628,343,205,4,38561,0,0,1,0,1,57,4,"spammer"
171,129,95,63,0,793,0,0,0,0,1,60,4,"spammer"
296,1,11,0,0,80,0,0,0,0,1,25,0,"spammer"
22,0,6,0,0,26,27,0,0,1,1,74,0,"spammer"
1304,0,8,0,0,42,0,0,0,0,1,26,0,"spammer"
304,96,0,0,0,81795,0,0,0,0,1,94,0,"spammer"
282,1833,1767,1481,0,2006,0,0,2,0,1,68,0,"spammer"
713,641,555,1344,0,6302,455,0,2,1,1,118,0,"spammer"
205,2,57,0,0,15,0,0,2,0,1,77,0,"spammer"
590,0,12,0,0,16,0,0,0,0,1,37,0,"spammer"
500,252,197,357,1,15108,0,0,1,0,1,55,6,"spammer"
611,0,0,0,0,53,0,0,0,0,1,39,2,"spammer"
1105,137,1916,59,0,1378,2253,0,0,1,1,113,4,"spammer"
765,789,247,843,1,68879,1,0,1,2,1,106,2,"spammer"
1712,6,3,1,0,76,0,0,0,0,1,28,0,"spammer"
11,57,74,11,0,206,1,0,1,2,1,109,5,"spammer"
1,58,81,0,0,242,8,0,0,1,1,91,0,"spammer"
102,513,1508,23,0,3806,0,0,2,1,1,93,0,"spammer"
715,597,272,55,0,19420,1,0,1,2,1,110,2,"spammer"
1056,2,6,0,0,142,0,0,0,0,1,18,0,"spammer"
874,247,134,107,0,5245,1,0,1,2,1,93,3,"spammer"
650,0,0,0,0,14,0,0,0,0,1,47,0,"spammer"
163,337,54,5,0,563,0,0,0,0,1,59,3,"spammer"
984,1876,1861,941,7,15081,1,0,0,4,1,99,4,"spammer"
690,7450,8354,33,12,16213,0,0,0,0,1,58,5,"spammer"
693,45,1767,0,0,362,0,0,0,0,1,48,0,"spammer"
567,37,334,0,0,640,0,0,0,0,1,31,4,"spammer"
30,4,19,0,0,265,0,0,0,0,1,46,0,"spammer"
0,0,0,0,0,2,0,0,0,1,1,9,0,"spammer"
467,992,992,792,4,26885,0,0,1,0,1,55,6,"spammer"
304,51,0,0,0,26568,0,0,0,0,1,77,0,"spammer"
9,7,538,17,0,83,43,0,0,1,1,75,0,"spammer"
498,2,7,1,0,18,0,0,0,0,1,21,0,"spammer"
415,939,337,456,1,29415,1,0,0,3,1,113,8,"spammer"
238,263,32,410,0,62,0,0,0,0,1,59,3,"spammer"
731,1017,854,491,1,30344,0,0,1,1,1,90,0,"spammer"
0,0,0,0,0,4,0,0,0,0,2,47,0,"spammer"
150,425,426,489,0,6967,0,0,1,0,1,55,6,"spammer"
1703,1810,100,0,71,82101,0,0,2,0,1,68,0,"spammer"
452,497,423,2359,0,27701,0,0,1,0,1,55,6,"spammer"
757,3,5,0,0,76,0,0,0,0,1,36,1,"spammer"
172,2,7,0,0,28,0,0,0,0,1,77,0,"spammer"
722,238,105,2261,0,26138,5,0,1,1,1,95,1,"spammer"
1,6,25,0,0,45,14,0,0,1,1,42,0,"spammer"
146,316,316,107,0,77,0,0,0,0,1,44,2,"spammer"
776,7,40,0,0,71,0,0,0,0,1,21,0,"spammer"
122,191,189,1972,0,10580,0,0,1,0,1,55,6,"spammer"
629,1279,797,565,3,62186,0,0,1,0,1,61,7,"spammer"
10,1,2,0,0,25,0,0,0,0,1,44,0,"spammer"
275,1853,1805,91,0,17427,0,0,1,0,1,55,6,"spammer"
637,377,282,51,0,2306,48716,0,0,1,1,106,0,"spammer"
10,3,5,171,0,520,29,0,4,1,1,95,0,"spammer"
957,0,0,0,0,16,0,0,0,0,1,45,0,"spammer"
357,1586,1161,4689,2,47579,0,0,2,0,1,74,0,"spammer"
151,3371,2984,18083,1,733,0,0,0,0,1,60,4,"spammer"
0,0,0,0,0,3,0,0,0,1,1,10,1,"spammer"
693,709,567,786,2,3759,0,0,2,1,1,100,0,"spammer"
835,1025,885,4117,0,15689,0,0,1,1,1,77,0,"spammer"
878,74,542,8,0,98,48533,0,0,1,1,106,0,"spammer"
0,0,0,0,0,2,0,0,0,0,2,32,2,"spammer"
286,0,2,0,0,22,0,0,0,0,1,29,4,"spammer"
642,150,196,403,0,1680,48254,0,0,1,1,106,0,"spammer"
33,302,586,33,0,485,45,0,2,1,1,118,0,"spammer"
221,2338,1883,1803,2,24411,0,0,0,0,1,101,8,"spammer"
0,0,0,0,0,2,0,0,0,1,1,17,0,"spammer"
0,0,0,0,0,3,0,0,0,1,1,15,0,"spammer"
240,4394,4295,2687,105,30978,0,0,1,1,1,104,1,"spammer"
173,200,336,0,2,56345,0,0,2,0,1,44,0,"spammer"
320,483,315,216,0,1469,0,0,0,0,1,59,3,"spammer"
688,196,147,1553,0,6640,1,0,0,1,1,90,0,"spammer"
0,0,0,0,0,1,0,0,0,1,1,12,0,"spammer"
1396,2331,2140,23008,86,17887,0,0,1,1,1,87,0,"spammer"
1052,16,364,105,0,80,0,0,0,0,1,62,0,"spammer"
0,0,0,0,0,1,0,0,0,1,1,14,0,"spammer"
794,0,6,0,0,26,0,0,0,0,1,59,0,"spammer"
705,176,177,1152,0,3774,1,0,1,2,1,98,0,"spammer"
1554,19,226,2,2,1617,0,0,0,0,1,32,0,"spammer"
1357,1,4,0,0,263,0,0,0,0,1,28,0,"spammer"
310,888,1334,1678,1,6904,0,0,1,0,1,55,6,"spammer"
193,495,943,557,1,11107,0,0,1,0,1,56,0,"spammer"
0,0,45,0,0,2,0,0,0,0,1,18,0,"spammer"
920,50,60,5,0,125,9,0,1,1,1,107,1,"spammer"
923,0,0,0,0,42,0,0,0,0,1,28,3,"spammer"
1209,557,94,1,3,1077,0,0,0,0,1,40,0,"spammer"
221,1,46,12,0,27,0,0,0,0,1,55,0,"spammer"
49,62,150,0,1,681,0,0,0,0,1,58,0,"spammer"
685,1467,345,52,0,30576,0,0,1,1,1,90,3,"spammer"
21,0,6,0,0,14,232,0,0,1,1,67,0,"spammer"
208,376,334,439,0,4858,1,0,1,6,1,118,5,"spammer"
425,2055,1521,54,1,55682,0,0,1,0,1,55,6,"spammer"
1160,500,290,7943,9,43336,1,0,1,2,1,82,0,"spammer"
0,0,34,0,0,2,0,0,0,0,1,18,0,"spammer"
631,0,2,0,0,343,0,0,0,0,1,70,0,"spammer"
894,820,1638,586,0,1929,88,0,0,1,1,52,0,"spammer"
182,4413,4287,85,2,6571,0,0,2,0,1,105,2,"spammer"
836,923,853,2736,0,9265,47998,0,0,1,1,106,0,"spammer"
0,0,0,0,0,5,0,0,0,1,1,14,0,"spammer"
79,26,31,0,0,80,0,0,0,1,1,33,0,"spammer"
788,2,204,0,0,40,0,0,0,0,1,44,0,"spammer"
175,3,9,0,0,33,0,0,0,0,1,25,0,"spammer"
299,574,514,10,0,6887,0,0,1,0,1,44,7,"spammer"
384,174,401,955,0,1918,0,0,1,0,1,47,1,"spammer"
254,1228,1217,73,0,1399,2118,0,0,1,1,113,4,"spammer"
908,4,11,0,0,32,0,0,0,0,1,52,0,"spammer"
218,145,145,0,0,3205,0,0,0,0,1,0,0,"spammer"
822,1233,1404,787,7,2685,0,0,1,0,1,66,4,"spammer"
349,270,637,0,0,263,0,0,0,0,1,84,3,"spammer"
38,269,185,224,0,127,0,0,2,0,1,74,0,"spammer"
249,42,288,0,1,4653,0,0,3,0,1,31,0,"spammer"
620,502,680,9,0,13900,0,0,1,0,1,55,6,"spammer"
25,424,499,166,0,395,0,0,0,0,1,44,2,"spammer"
1703,1809,100,0,71,82092,0,0,2,0,1,62,0,"spammer"
900,0,1,0,0,43,0,0,0,0,1,43,0,"spammer"
666,178,118,906,0,3894,0,0,1,1,1,71,1,"spammer"
992,1601,2001,1683,1,13411,0,0,1,0,1,63,2,"spammer"
755,321,187,1011,2,3175,0,0,1,0,1,55,6,"spammer"
0,0,0,0,0,1,0,0,0,0,1,15,1,"spammer"
0,0,0,0,0,3,0,0,0,1,1,17,0,"spammer"
486,235,338,226,1,4875,0,0,1,0,1,55,6,"spammer"
130,665,727,0,1,1184,0,0,0,0,1,38,0,"spammer"
927,162,61,1,2,1418,0,0,0,0,1,22,0,"spammer"
786,708,617,5957,2,36072,0,0,1,0,1,55,6,"spammer"
256,889,853,1105,5,9765,0,0,1,0,1,55,6,"spammer"
443,161,205,173,1,3356,1,0,1,2,1,96,8,"spammer"
0,0,0,0,0,3,0,0,0,1,1,16,1,"spammer"
822,0,2,0,0,17,0,0,0,0,1,117,0,"spammer"
255,124,28,0,0,75,3,0,0,1,2,91,1,"spammer"
762,2,7,0,0,82,0,0,0,0,1,28,0,"spammer"
1863,49681,8,0,871,36151,0,0,1,0,1,108,4,"spammer"
58,346,774,207,0,1419,64,0,2,1,1,118,0,"spammer"
510,0,11,0,0,19,0,0,0,0,1,44,0,"spammer"
440,0,0,0,0,36,0,0,0,0,1,55,2,"spammer"
148,1,11,0,0,47,0,0,0,0,1,32,0,"spammer"
1353,4,565,0,0,173,0,0,0,0,1,46,0,"spammer"
615,3219,2478,341,1,64230,0,0,1,0,1,62,2,"spammer"
610,4,149,39,0,523,0,0,2,0,1,117,0,"spammer"
1026,655,367,13,1,14442,0,0,1,0,1,100,3,"spammer"
39,0,0,0,0,49,0,0,0,0,1,58,2,"spammer"
245,2,17,0,0,392,0,0,0,0,1,45,0,"spammer"
128,100,86,0,0,12169,0,0,1,0,1,31,0,"spammer"
304,79,2,0,2,69255,0,0,0,0,1,116,0,"spammer"
1129,73,80,63,1,1708,0,0,0,0,1,42,0,"spammer"
372,389,378,53,15,7582,2,0,0,2,1,70,2,"spammer"
1243,940,849,0,7,50641,0,0,0,0,2,91,0,"spammer"
412,1,7,0,0,527,0,0,0,0,1,48,0,"spammer"
1153,64,274,19,1,4722,0,0,1,0,1,48,0,"spammer"
591,0,0,0,0,27,0,0,0,0,1,38,0,"spammer"
103,334,1678,16,0,619,288,0,0,1,1,113,4,"spammer"
746,298,276,1776,1,12702,0,0,1,1,1,97,0,"spammer"
697,0,0,0,0,5,0,0,0,0,1,0,0,"spammer"
156,1,2,0,0,118,0,0,0,0,1,29,1,"spammer"
71,12,11,0,0,2774,19,0,7,1,1,118,0,"spammer"
743,4,46,3,0,105,0,0,0,1,1,15,0,"spammer"
1816,158,536,1,0,117,0,0,0,0,1,25,0,"spammer"
0,0,0,0,0,1,0,0,0,0,2,24,0,"spammer"
1268,2364,2419,1421,6,22685,0,0,1,0,1,55,6,"spammer"
598,536,587,1175,1,12720,0,0,1,0,1,55,6,"spammer"
1251,533,489,1928,1,16775,0,0,1,0,1,55,6,"spammer"
310,181,332,3,0,2681,0,0,1,1,1,104,0,"spammer"
383,173,400,939,0,1854,0,0,1,1,1,81,3,"spammer"
968,6054,943,15,2,77007,0,0,1,1,1,63,0,"spammer"
304,749,312,3196,2,22755,1,0,1,2,1,115,0,"spammer"
574,218,151,204,1,5388,0,0,1,1,1,83,2,"spammer"
1344,350,332,33,3,36546,0,0,1,0,1,60,3,"spammer"
626,657,125,53,1,3537,48108,0,0,1,1,106,0,"spammer"
104,227,236,954,0,7856,1,0,0,1,1,39,0,"spammer"
0,0,0,0,0,2,0,0,0,1,1,13,0,"spammer"
1020,1,247,0,0,413,2,0,0,1,1,37,4,"spammer"
305,1053,167,0,0,6031,1,0,1,6,1,118,4,"spammer"
449,838,761,306,0,34946,1,0,1,2,1,104,0,"spammer"
224,32,24,0,0,404,0,0,0,0,1,58,0,"spammer"
777,214,672,54,1,3962,0,0,1,1,1,63,4,"spammer"
0,0,0,0,0,3,0,0,0,1,1,16,0,"spammer"
600,854,873,6,0,1552,284,0,0,1,1,43,0,"spammer"
218,143,143,0,0,3091,0,0,0,0,1,0,0,"spammer"
1921,29,29,0,0,257,0,0,0,0,1,41,2,"spammer"
110,113,79,0,0,12236,0,0,1,0,1,39,0,"spammer"
588,472,499,3,1,10076,3,0,1,5,1,114,6,"spammer"
511,1327,589,77,4,11397,0,0,1,1,1,100,2,"spammer"
269,201,6,0,0,2108,0,0,0,0,1,58,3,"spammer"
159,424,551,328,0,2987,0,0,1,0,1,55,6,"spammer"
685,1,3,0,0,19,0,0,0,0,1,54,0,"spammer"
435,1,10,0,0,37,0,0,0,0,1,63,0,"spammer"
1142,343,291,13,1,18326,0,0,1,0,1,49,3,"spammer"
0,0,0,0,0,1,0,0,0,1,1,14,0,"spammer"
477,27,98,3,0,4,0,0,0,0,1,0,0,"spammer"
957,1,7,0,0,36,0,0,0,0,1,34,4,"spammer"
826,278,284,36,0,9349,0,0,1,1,1,91,4,"spammer"
924,107,284,286,0,16137,0,0,1,0,1,59,2,"spammer"
1503,1192,1485,161,14,6590,0,0,1,0,1,85,4,"spammer"
769,1,6,0,0,29,0,0,0,0,1,33,0,"spammer"
616,1118,1018,1,11,21961,1,0,3,1,1,78,28,"spammer"
611,852,702,146,1,11620,0,0,1,0,1,40,4,"spammer"
560,0,0,0,0,21,0,0,0,0,1,34,0,"spammer"
193,495,943,557,1,11144,0,0,1,0,1,71,5,"spammer"
215,42,899,27,0,505,489,0,0,1,1,113,4,"spammer"
1,382,496,43,0,89,561,0,2,1,1,118,0,"spammer"
903,253,138,160,0,983,598,0,2,1,1,118,0,"spammer"
1382,480,399,2665,5,17895,0,0,1,1,1,76,0,"spammer"
819,0,23,0,0,216,0,0,0,0,1,68,0,"spammer"
566,277,161,938,2,12862,0,0,1,0,1,55,6,"spammer"
311,2576,2425,224,2,10454,0,0,1,0,1,55,6,"spammer"
401,665,652,4088,0,12033,0,0,1,0,1,55,6,"spammer"
855,740,499,52,0,6547,0,0,0,0,1,59,3,"spammer"
31,39,27,3,0,765,0,0,0,0,1,60,4,"spammer"
406,1074,1104,10,0,11288,0,0,1,3,1,107,5,"spammer"
1562,83,117,4,0,8934,0,0,0,0,1,0,0,"spammer"
188,7,25,0,0,86,0,0,0,0,1,31,0,"spammer"
1082,5,21,4,1,61,0,0,0,0,1,52,1,"spammer"
661,1,14,0,0,21,0,0,0,0,1,32,6,"spammer"
699,509,458,1195,0,11381,1,0,1,4,1,127,9,"spammer"
251,206,394,1,0,1276,51,0,0,1,1,107,3,"spammer"
745,526,490,1230,0,13611,0,0,1,0,1,55,6,"spammer"
729,52,90,14,0,95,0,0,1,0,1,55,6,"spammer"
856,2,2,0,0,28,0,0,0,0,1,24,0,"spammer"
1588,12,89,0,0,206,0,0,0,0,1,20,0,"spammer"
817,291,243,1950,0,4888,0,0,1,0,1,55,6,"spammer"
171,2485,1645,66,5,19274,0,0,1,1,1,91,0,"spammer"
314,808,808,195,5,1447,0,0,1,0,1,55,6,"spammer"
85,71,1526,28,0,778,1380,0,0,1,1,113,4,"spammer"
596,95738,9259,0,240,22515,26,0,0,1,1,95,3,"spammer"
64,34,2001,71,0,1819,0,0,2,0,1,82,0,"spammer"
700,2,29,0,0,192,0,0,0,0,1,25,0,"spammer"
270,179,139,27,0,6555,0,0,1,0,1,59,5,"spammer"
227,792,260,21,0,7769,0,0,1,0,1,113,7,"spammer"
39,2,13,0,0,28,0,0,0,0,1,51,1,"spammer"
968,7009,918,15,2,77456,0,0,1,1,1,77,0,"spammer"
700,845,774,1860,2,12460,0,0,1,0,2,57,3,"spammer"
715,597,272,55,0,19419,1,0,1,2,1,87,2,"spammer"
514,1,7,0,0,29,0,0,0,0,1,27,0,"spammer"
122,20,5,0,0,950,0,0,1,0,1,57,0,"spammer"
0,0,0,0,0,2,0,0,0,1,1,10,0,"spammer"
438,1346,566,11,1,19327,0,0,0,4,1,101,2,"spammer"
338,3035,1981,633,2,12784,2,0,1,4,1,103,1,"spammer"
518,2,16,0,0,77,0,0,0,0,1,37,2,"spammer"
1449,229,336,44,0,743,48113,0,0,1,1,106,0,"spammer"
35,225,230,0,0,340,0,0,0,0,1,45,0,"spammer"
1551,3324,3609,135,13,22321,0,0,0,1,1,48,0,"spammer"
1221,46,379,11,3,909,0,0,0,0,1,62,5,"spammer"
968,7009,918,15,2,77473,0,0,1,0,1,79,3,"spammer"
290,219,278,85,0,4515,0,0,1,0,1,59,2,"spammer"
795,351,493,559,0,20710,0,0,1,1,1,90,1,"spammer"
173,198,336,0,2,56208,0,0,2,0,1,30,0,"spammer"
174,728,1409,141,0,4540,0,0,1,1,1,99,1,"spammer"
117,2,3,1,0,90,0,0,1,0,1,13,2,"spammer"
1419,58,425,20,0,728,297,0,3,1,1,118,1,"spammer"
41,90,107,2,0,43,0,0,2,0,1,68,0,"spammer"
614,1,154,0,0,81,0,0,0,0,1,55,0,"spammer"
535,4983,1923,323,4,34536,0,0,1,0,1,79,7,"spammer"
0,0,41,0,0,2,0,0,0,0,1,23,0,"spammer"
479,1,44,2,0,793,0,0,0,0,1,27,0,"spammer"
455,0,1155,0,0,54,0,0,0,0,1,46,1,"spammer"
615,3220,2478,341,1,64180,0,0,1,1,1,113,0,"spammer"
2,0,18,0,0,53,0,0,0,0,1,35,1,"spammer"
430,353,575,450,1,5960,0,0,1,0,1,44,7,"spammer"
695,1497,819,21577,27,10570,0,0,1,0,1,55,6,"spammer"
428,3,11,0,0,41,0,0,0,0,1,45,0,"spammer"
228,1311,1213,10400,9,15340,0,0,1,1,1,96,1,"spammer"
634,0,2,0,0,21,0,0,0,0,1,45,0,"spammer"
0,0,0,0,0,1,0,0,0,1,1,14,2,"spammer"
793,1,0,0,0,28,0,0,0,0,1,50,0,"spammer"
612,3547,3721,0,1,9992,0,0,0,0,1,25,0,"spammer"
0,0,0,0,0,1,0,0,0,1,1,12,2,"spammer"
702,1318,920,329,3,38975,0,0,1,0,1,56,7,"spammer"
288,221,177,89,0,4349,0,0,1,0,1,68,6,"spammer"
638,319,382,250,0,21180,0,0,2,1,1,100,1,"spammer"
237,19,3,4,0,1078,6803,0,0,1,1,98,0,"spammer"
302,538,308,43,0,2619,1,0,1,1,1,113,4,"spammer"
583,541,376,51679,19,23064,0,0,1,0,1,55,6,"spammer"
485,1011,936,1250,0,17045,0,0,1,0,1,55,6,"spammer"
73,472,1045,37,0,774,890,0,0,1,1,113,4,"spammer"
324,246,244,0,1,1120,0,0,0,0,1,59,6,"spammer"
446,195,127,103,0,1942,0,0,1,0,1,57,5,"spammer"
804,10736,7934,561,3,90709,0,0,1,0,1,67,3,"spammer"
1088,58,8,0,0,7,0,0,0,0,1,93,1,"spammer"
20,9,5,906,0,2839,15,0,1,1,1,118,0,"spammer"
0,0,0,0,0,4,0,0,0,1,1,14,0,"spammer"
653,5,10,0,0,105,0,0,0,0,1,37,2,"spammer"
84,17,15,0,0,18903,0,0,2,0,1,63,1,"spammer"
93,402,112,7,0,2674,7,0,1,1,1,110,1,"spammer"
120,105,80,0,0,12205,0,0,1,0,1,51,0,"spammer"
0,0,0,0,0,4,0,0,0,1,1,15,0,"spammer"
121,34,42,0,1,2800,138,0,0,1,1,71,0,"spammer"
138,208,260,10,1,246,697,0,0,1,1,112,8,"spammer"
1055,5188,1522,0,119,52518,0,0,0,0,1,113,2,"spammer"
294,460,353,2,0,6322,0,0,1,0,1,106,3,"spammer"
256,222,344,0,0,6,0,0,2,0,1,78,0,"spammer"
106,561,596,64,0,406,2,0,1,6,1,117,0,"spammer"
0,0,0,0,0,2,0,0,0,1,1,16,0,"spammer"
409,276,200,71,0,8062,0,0,1,0,1,47,1,"spammer"
0,0,0,0,0,5,0,0,0,1,1,13,1,"spammer"
887,2,19,0,0,92,0,0,0,0,1,21,0,"spammer"
135,271,1045,0,2,2878,0,0,0,0,1,87,4,"spammer"
13,13,767,0,1,257,56,0,3,1,1,109,0,"spammer"
1716,10,32,0,0,79,0,0,0,0,1,81,0,"spammer"
457,890,1243,18,2,129,730,0,3,1,1,118,1,"spammer"
814,289,386,169,0,6223,0,0,1,1,1,102,2,"spammer"
694,0,2,0,0,30,0,0,0,0,1,49,0,"spammer"
0,0,0,0,0,5,0,0,0,1,1,11,0,"spammer"
455,217,202,410,0,1397,0,0,0,0,1,44,2,"spammer"
711,290,256,1144,0,25875,1,0,1,2,1,117,6,"spammer"
955,0,12,0,0,44,0,0,0,0,1,33,0,"spammer"
977,237,263,7,1,42886,0,0,1,0,1,59,2,"spammer"
202,0,3,0,0,686,0,0,0,0,1,20,0,"spammer"
0,0,0,0,0,1,0,0,0,0,1,23,0,"spammer"
510,256,240,101,1,5572,631,0,0,1,1,112,8,"spammer"
737,2,5,0,0,15,0,0,0,0,1,42,0,"spammer"
0,0,45,0,0,2,0,0,0,0,1,18,0,"spammer"
1679,1104,1332,23,4,3935,0,0,1,0,1,55,6,"spammer"
195,227,1650,0,0,125226,0,0,0,0,1,112,0,"spammer"
415,2,1,0,0,82,0,0,0,0,1,28,0,"spammer"
663,809,775,1162,1,27255,0,0,1,3,1,75,4,"spammer"
350,99,143,0,0,376,9,0,0,1,1,38,0,"spammer"
591,0,0,0,0,20,0,0,0,0,1,44,4,"spammer"
0,0,0,0,0,1,0,0,0,0,1,18,0,"spammer"
1545,3864,2918,181,10,35200,1,0,1,1,1,114,1,"spammer"
168,378,393,1,2,2702,0,0,0,0,1,41,0,"spammer"
702,432,561,393,0,5876,0,0,1,0,1,55,6,"spammer"
852,339,221,509,0,3230,0,0,0,0,1,44,2,"spammer"
1124,1,9,1,0,691,0,0,0,0,1,48,1,"spammer"
148,236,209,345,0,9432,1,0,1,3,1,71,3,"spammer"
0,0,0,0,0,1,0,0,0,0,1,18,0,"spammer"
998,1,1,1,0,72,0,0,0,0,1,38,0,"spammer"
597,0,0,0,0,16,0,0,0,0,1,38,3,"spammer"
454,1544,1273,90,0,1147,2,0,0,4,1,114,2,"spammer"
858,614,623,3719,0,24289,0,0,1,0,1,55,6,"spammer"
1606,0,2,0,0,81,0,0,0,0,1,27,0,"spammer"
2229,3,199,0,0,92,0,0,0,0,1,58,4,"spammer"
77,365,274,22,0,1017,0,0,1,1,1,62,0,"spammer"
207,2591,2783,3,0,8278,0,0,2,0,1,116,12,"spammer"
32,7,39,0,0,97,0,0,0,0,1,22,0,"spammer"
1148,434,217,26,4,9114,1,0,1,4,1,114,6,"spammer"
734,696,7,0,0,2497,0,0,0,0,1,75,0,"spammer"
68,59,1020,26,0,142,111,0,0,1,1,36,0,"spammer"
95,2273,2517,156,0,2866,0,0,2,0,1,82,0,"spammer"
940,640,2002,77,0,2122,2297,0,0,1,1,113,4,"spammer"
148,42,102,4,1,576,0,0,2,0,1,68,0,"spammer"
850,0,1,0,0,35,0,0,0,0,1,32,4,"spammer"
646,371,1780,0,0,8680,0,0,0,0,1,44,3,"spammer"
980,616,299,206,1,28692,0,0,0,0,1,82,0,"spammer"
0,0,0,0,0,5,0,0,0,1,1,10,0,"spammer"
472,2333,425,2,13,129114,0,0,1,0,1,57,8,"spammer"
6,0,3,0,0,27,0,0,0,0,1,31,0,"spammer"
164,2103,2360,331,0,335,147,0,0,1,1,43,0,"spammer"
106,194,284,0,0,248,0,0,0,0,1,114,0,"spammer"
337,608,824,1784,2,9644,0,0,1,1,1,72,2,"spammer"
161,1230,963,40,3,43457,0,0,1,0,1,79,3,"spammer"
812,0,11,0,0,10,0,0,0,0,1,49,1,"spammer"
79,1160,1010,191,7,6357,0,0,1,0,1,55,6,"spammer"
230,114,168,13,0,47,0,0,0,0,1,59,3,"spammer"
1472,826,860,370,4,15510,0,0,1,1,1,85,0,"spammer"
0,0,0,0,0,2,0,0,0,1,1,17,0,"spammer"
1617,129,82,275,7,14034,0,0,3,0,1,20,0,"spammer"
38,0,0,0,0,3071,0,0,0,0,1,99,0,"spammer"
812,3,7,5,0,46,0,0,0,0,1,44,0,"spammer"
192,1044,1578,56,0,453,0,0,0,0,1,44,2,"spammer"
13,5,14,132,0,137,0,0,2,0,1,111,0,"spammer"
900,6620,3855,286,62,3776,0,0,0,0,1,118,3,"spammer"
1297,309,647,3,6,486,0,0,0,1,1,102,5,"spammer"
473,659,1093,601,0,2745,0,0,1,0,1,55,6,"spammer"
1247,516,442,30,4,12656,0,0,1,1,1,80,0,"spammer"
1037,0,0,0,0,88,0,0,1,0,1,15,0,"spammer"
1040,0,1,0,0,39,0,0,0,0,1,52,4,"spammer"
441,2,12,2,0,234,0,0,0,0,1,36,0,"spammer"
1577,668,251,850,8,44115,0,0,1,1,1,80,0,"spammer"
1362,0,265,0,0,100,71,0,0,1,2,54,6,"spammer"
110,95,66,0,0,10686,0,0,1,0,1,39,0,"spammer"
140,1,7,0,0,15,0,0,0,0,1,39,1,"spammer"
409,2834,1318,9,0,1353,0,0,2,0,1,68,0,"spammer"
901,1241,794,34,42,68668,0,0,6,0,1,87,5,"spammer"
448,420,636,1,0,2482,0,0,0,0,1,52,0,"spammer"
506,0,1,0,0,57,0,0,0,0,1,17,0,"spammer"
97,254,197,38,0,1592,6854,0,0,1,1,98,0,"spammer"
404,418,412,197,0,3977,0,0,1,1,1,97,0,"spammer"
1027,91,2005,97,0,7376,24,0,8,1,1,118,0,"spammer"
6,24,0,4,0,467,0,0,2,0,1,87,1,"spammer"
561,307,333,205,3,9840,2,0,1,3,1,91,4,"spammer"
132,730,1485,1045,0,9246,1,0,1,1,1,81,1,"spammer"
335,237,85,571,0,1478,0,0,0,0,1,99,6,"spammer"
121,30,40,0,1,2793,145,0,0,1,1,66,0,"spammer"
192,1444,467,149,1,9635,0,0,2,0,1,67,0,"spammer"
63,44,430,22,0,139,484,0,0,1,1,113,7,"spammer"
1633,2,1,2,0,104,0,0,0,0,1,26,0,"spammer"
716,560,615,262,2,19112,0,0,1,5,1,94,9,"spammer"
281,71,11,40,0,814,239,0,0,1,1,37,0,"spammer"
1266,0,0,0,0,27,0,0,0,0,1,40,1,"spammer"
866,23,73,67,0,112,0,0,0,0,1,59,3,"spammer"
1017,479,133,0,3,43610,4,0,4,1,1,74,0,"spammer"
2,9,10,0,0,141,48570,0,0,1,1,106,0,"spammer"
1033,0,5,0,0,43,0,0,0,0,1,43,0,"spammer"
1254,621,443,354,0,5572,0,0,1,0,1,55,6,"spammer"
874,0,3,0,0,33,0,0,0,0,1,31,0,"spammer"
294,460,353,2,0,6290,0,0,1,0,1,81,11,"spammer"
232,367,247,304,0,5887,0,0,1,0,1,55,6,"spammer"
683,0,9,0,0,15,0,0,0,0,1,44,0,"spammer"
218,527,77,32,0,37936,0,0,2,1,1,99,0,"spammer"
638,319,382,250,0,21169,0,0,1,1,1,63,2,"spammer"
847,4,22,0,0,117,0,0,0,0,1,37,0,"spammer"
0,0,0,0,0,3,0,0,0,1,1,13,0,"spammer"
479,5618,4917,3283,16,12844,0,0,1,0,1,55,6,"spammer"
865,7,13,1,0,33,0,0,0,0,1,43,0,"spammer"
1068,373,466,425,0,5969,0,0,1,0,1,55,6,"spammer"
363,128,117,1,1,48185,0,0,1,0,1,40,4,"spammer"
0,0,0,0,0,1,0,0,0,1,1,10,2,"spammer"
608,34584,36323,11,35,36560,0,0,0,0,1,89,0,"spammer"
713,2165,981,6,22,29784,0,0,0,0,1,65,0,"spammer"
71,422,236,38,0,6433,0,0,1,0,1,53,0,"spammer"
0,0,0,0,0,3,0,0,0,1,1,17,0,"spammer"
473,1101,370,6310,3,14797,0,0,1,0,1,67,3,"spammer"
153,1059,467,247,0,18143,0,0,1,0,1,46,3,"spammer"
78,4,227,0,0,81,0,0,0,0,1,40,0,"spammer"
43,233,149,69,0,2310,0,0,0,0,1,99,0,"spammer"
446,2536,1087,55,3,28644,0,0,1,0,1,100,6,"spammer"
454,2784,1130,1,8,9291,0,0,3,0,2,93,4,"spammer"
763,0,8,0,0,15,0,0,0,0,1,33,0,"spammer"
0,1,46,0,0,2,0,0,0,0,1,23,0,"spammer"
123,131,347,38,0,938,193,0,0,1,1,38,0,"spammer"
0,0,0,0,0,1,0,0,0,0,1,18,0,"spammer"
97,81,16,0,0,19013,0,0,2,0,1,41,2,"spammer"
539,2167,1072,9424,3,11626,1,0,1,2,1,114,3,"spammer"
549,1275,1538,0,19,25463,0,0,4,0,1,108,0,"spammer"
946,2840,1487,116,5,43127,0,0,1,0,1,100,6,"spammer"
54,848,1181,0,0,27732,0,0,0,0,1,58,0,"spammer"
244,1290,2003,257,0,2692,1529,0,0,1,1,113,4,"spammer"
1106,3,2,0,0,20,0,0,0,0,1,34,0,"spammer"
156,58,77,2,0,643,1,0,1,2,1,110,1,"spammer"
167,0,0,0,0,13,0,0,0,0,1,42,1,"spammer"
0,0,0,0,0,4,0,0,0,1,1,14,0,"spammer"
97,91,82,0,0,12239,0,0,1,0,1,29,0,"spammer"
376,6,8,0,0,48,0,0,0,0,1,30,0,"spammer"
92,32,54,0,0,94,3,0,0,1,1,34,0,"spammer"
670,14,10,1,0,71,0,0,0,0,1,41,0,"spammer"
4,0,1,1,0,196,0,0,2,0,1,111,2,"spammer"
320,5,11,0,0,195,0,0,0,0,1,26,0,"spammer"
236,1700,1517,2178,4,6987,0,0,1,0,1,55,6,"spammer"
0,0,0,0,0,4,0,0,0,0,2,37,0,"spammer"
514,1,7,0,0,27,0,0,0,0,1,37,0,"spammer"
257,128,65,2,0,57,85,0,0,1,1,52,0,"spammer"
500,4,8,4,0,877,0,0,0,0,1,58,0,"spammer"
749,714,548,2470,1,59268,0,0,1,1,1,84,2,"spammer"
951,495,497,144,0,8537,1,0,1,2,1,84,2,"spammer"
154,47,244,0,0,1132,0,0,2,0,1,92,2,"spammer"
0,0,0,0,0,4,0,0,0,1,1,13,0,"spammer"
970,7333,7610,6,13,1868,0,0,1,0,1,55,6,"spammer"
1058,9,30,2,0,141,0,0,1,0,1,31,0,"spammer"
0,0,0,0,0,3,0,0,0,1,1,12,0,"spammer"
208,2,9,0,0,41697,0,0,0,0,1,82,4,"spammer"
0,0,0,0,0,1,0,0,0,1,1,12,4,"spammer"
238,1299,619,8742,1,22205,1,0,1,2,1,108,1,"spammer"
648,1,2,0,0,24,0,0,0,0,1,33,8,"spammer"
238,2746,1736,129,3,27394,0,0,1,0,1,53,4,"spammer"
153,1821,2004,8,1,2487,0,0,0,0,1,22,0,"spammer"
121,26,32,0,0,2943,63,0,0,1,1,74,0,"spammer"
1538,3120,133,743,10,110071,0,0,1,1,1,75,1,"spammer"
250,42,288,0,1,4765,0,0,3,0,1,32,0,"spammer"
294,7,26,0,0,87,0,0,0,0,1,62,0,"spammer"
752,2,11,2,0,31,0,0,2,0,1,69,0,"spammer"
1538,3118,133,743,10,110307,0,0,1,3,1,110,6,"spammer"
973,2,2,0,0,458,0,0,0,0,1,36,0,"spammer"
197,1265,1488,0,4,4895,0,0,0,0,1,91,0,"spammer"
0,0,0,0,0,2,0,0,0,1,1,15,0,"spammer"
473,1101,370,6310,3,14799,0,0,1,0,1,122,2,"spammer"
13,5,14,132,0,135,0,0,2,0,1,97,2,"spammer"
0,0,45,0,0,2,0,0,0,0,1,23,0,"spammer"
979,421805,1,0,1403,152198,0,0,5,0,1,105,0,"spammer"
968,6052,943,15,2,77116,0,0,1,0,1,83,7,"spammer"
0,0,0,0,0,3,0,0,0,1,1,14,0,"spammer"
53,0,0,0,0,79,0,0,0,0,1,24,0,"spammer"
121,32,29,0,0,2953,103,0,0,1,1,74,0,"spammer"
655,0,2,0,0,44,0,0,0,0,1,50,3,"spammer"
22,0,7,0,0,27,119,0,0,1,1,102,3,"spammer"
497,264,733,483,1,3346,0,0,1,1,1,79,0,"spammer"
253,1080,1462,1,0,208,0,0,1,0,1,58,4,"spammer"
195,226,1650,0,0,125178,0,0,0,0,1,58,0,"spammer"
106,1157,1158,661,2,2135,0,0,1,0,1,55,6,"spammer"
490,526,342,7297,2,8182,0,0,1,0,1,55,6,"spammer"
369,625,315,174,0,1056,0,0,0,0,1,99,6,"spammer"
80,334,104,4,1,8707,0,0,1,0,1,55,6,"spammer"
12,1,4,0,0,84,0,0,0,0,1,68,0,"spammer"
690,3,69,5,0,101,0,0,1,0,1,90,0,"spammer"
540,7064,6501,0,19,1267,0,0,0,0,1,64,0,"spammer"
1055,765,695,3990,4,32295,0,0,1,1,1,70,0,"spammer"
405,326,149,41,2,17546,0,0,1,1,1,93,2,"spammer"
170,52,54,53,1,833,0,0,2,0,1,78,0,"spammer"
510,5605,358,268,4,11158,0,0,2,1,1,99,2,"spammer"
461,44,30,660,0,1308,0,0,0,0,1,16,0,"spammer"
709,120,241,5,0,201,3,0,0,1,1,43,0,"spammer"
1010,8,17,5,0,20,0,0,0,1,1,109,3,"spammer"
276,171,276,440,1,6029,0,0,1,0,1,108,5,"spammer"
1055,765,695,3990,4,32308,0,0,1,1,1,65,5,"spammer"
267,704,773,39,0,1158,0,0,1,0,1,55,6,"spammer"
372,0,0,0,0,42,0,0,0,0,1,39,0,"spammer"
240,93,63,0,0,16377,0,0,0,0,1,41,0,"spammer"
1290,81,196,0,2,354,0,0,0,0,1,41,2,"spammer"
155,194,187,108,0,2813,0,0,1,0,1,117,3,"spammer"
1370,525,564,0,4,6841,0,0,0,0,1,8,0,"spammer"
723,3544,3561,0,64,6181,0,0,0,0,1,33,0,"spammer"
649,0,8,0,0,33,0,0,0,0,1,33,0,"spammer"
656,837,1076,1031,3,9267,0,0,1,1,1,102,1,"spammer"
743,777,1550,0,3,554,0,0,0,0,1,82,0,"spammer"
607,347,304,1508,0,8223,0,0,1,1,1,80,2,"spammer"
173,200,336,0,2,56352,0,0,2,0,1,42,0,"spammer"
485,0,0,0,0,31,0,0,0,0,1,31,2,"spammer"
372,4432,8,3,2,43572,31,0,1,1,1,74,6,"spammer"
0,0,0,0,0,3,0,0,0,1,1,15,3,"spammer"
664,2731,367,5555,33,19766,0,0,1,1,1,85,0,"spammer"
727,46,207,5,0,12213,0,0,1,0,1,40,4,"spammer"
547,182,59,14,1,10491,0,0,1,0,1,55,6,"spammer"
196,231,247,6,0,425,0,0,0,0,1,59,3,"spammer"
887,3,17,0,0,42,0,0,0,0,1,51,0,"spammer"
0,0,0,0,0,3,0,0,0,1,1,12,0,"spammer"
0,14,103,0,0,4,0,0,2,0,1,107,2,"spammer"
0,0,0,0,0,2,0,0,0,1,1,17,0,"spammer"
0,0,0,0,0,1,0,0,0,1,1,17,0,"spammer"
768,0,1,0,0,200,0,0,0,0,1,33,1,"spammer"
1446,128,271,27,3,2517,0,0,0,1,1,113,1,"spammer"
412,1,7,0,0,563,0,0,0,0,1,29,0,"spammer"
0,0,0,0,0,2,0,0,0,1,1,8,1,"spammer"
0,0,0,0,0,5,0,0,0,1,1,16,0,"spammer"
121,29,39,0,0,2803,41,0,0,1,1,102,3,"spammer"
783,0,0,0,0,19,0,0,0,0,1,46,0,"spammer"
249,3120,3004,194,1,8468,0,0,1,0,1,71,5,"spammer"
0,0,0,0,0,4,0,0,0,0,2,43,3,"spammer"
102,132,293,0,0,2082,0,0,1,2,1,67,1,"spammer"
779,2,15,0,0,27,0,0,0,0,1,52,4,"spammer"
357,1586,1161,4689,2,47546,0,0,1,0,1,88,1,"spammer"
627,2,9,0,0,9,0,0,0,0,1,61,0,"spammer"
635,0,5,0,0,23,0,0,0,0,1,43,4,"spammer"
825,0,1,0,0,14,0,0,0,0,1,54,0,"spammer"
2092,1273,807,23,75,100436,0,0,1,0,1,87,5,"spammer"
1319,952,926,773,0,13934,1,0,1,6,1,117,2,"spammer"
90,39,36,0,0,88,0,0,0,0,1,30,0,"spammer"
583,662,217,19,0,9704,0,0,1,1,1,65,0,"spammer"
3,47,73,20,0,518,1,0,1,2,1,91,3,"spammer"
126,56,57,0,0,390,0,0,0,0,1,79,8,"spammer"
127,0,373,0,0,130,0,0,0,0,1,21,0,"spammer"
0,0,0,0,0,2,0,0,0,1,1,17,0,"spammer"
0,25,111,0,0,4,0,0,2,0,1,111,0,"spammer"
505,1,7,0,0,276,0,0,0,0,1,42,0,"spammer"
1703,1046,32,0,31,30397,0,0,2,0,1,77,0,"spammer"
581,357,886,169,0,5091,0,0,1,0,1,55,6,"spammer"
767,595,298,31,2,21952,0,0,1,0,1,92,4,"spammer"
1449,0,263,1,0,116,10,0,0,1,1,46,0,"spammer"
0,0,0,0,0,3,0,0,0,1,1,13,0,"spammer"
197,203,182,76,0,3521,0,0,1,0,1,101,8,"spammer"
680,0,1,0,0,25,0,0,0,0,1,26,0,"spammer"
560,0,0,0,0,16,0,0,0,0,1,39,1,"spammer"
696,74,592,0,0,433,0,0,0,0,1,51,4,"spammer"
1070,23,735,0,0,651,0,0,0,0,1,38,4,"spammer"
265,1,25,0,0,17,0,0,0,0,1,45,0,"spammer"
904,11,1264,0,0,11882,0,0,0,0,4,32,0,"spammer"
9,0,0,0,0,37,0,0,0,0,2,32,0,"spammer"
0,0,0,0,0,3,0,0,0,1,1,13,2,"spammer"
452,737,114,4140,2,10636,0,0,0,0,1,101,8,"spammer"
440,2612,2745,0,2,86,10,0,0,1,1,42,2,"spammer"
218,145,145,0,0,3209,0,0,0,0,1,0,0,"spammer"
312,0,1,0,0,96,0,0,0,0,1,20,0,"spammer"
611,718,574,3927,0,2524,0,0,0,0,1,76,4,"spammer"
0,0,0,0,0,2,0,0,0,1,1,10,0,"spammer"
1323,2429,1646,6592,7,24231,0,0,1,0,1,55,6,"spammer"
727,712,17,0,0,2330,0,0,0,0,1,88,0,"spammer"
455,0,20,0,0,24,0,0,0,0,1,51,5,"spammer"
171,2484,1645,66,5,19337,0,0,1,1,1,89,1,"spammer"
56,97,48,29,0,3070,1,0,0,1,1,91,0,"spammer"
572,807,578,1160,1,11608,0,0,0,0,1,99,6,"spammer"
2251,383,194,6149,16,30708,1,0,0,2,1,107,2,"spammer"
980,7,94,91,0,1862,63,0,0,1,1,38,0,"spammer"
310,230,434,62,0,3601,0,0,2,0,1,82,0,"spammer"
418,143,139,679,0,15567,0,0,1,1,1,109,5,"spammer"
727,46,207,5,0,12214,0,0,1,0,1,40,4,"spammer"
721,637,551,4786,0,23923,0,0,1,0,1,55,6,"spammer"
401,1023,1348,58,2,2749,48407,0,0,1,1,106,0,"spammer"
1222,2249,567,30,20,102885,0,0,1,2,1,51,0,"spammer"
78,0,0,0,0,232,0,0,1,0,1,71,2,"spammer"
805,35,272,1,1,73,0,0,0,0,1,25,0,"spammer"
900,12538,12486,1143,20,15513,0,0,1,0,1,109,4,"spammer"
1064,174,168,296,1,3979,0,0,1,0,1,55,6,"spammer"
1808,60,192,3,1,145,0,0,0,0,1,91,0,"spammer"
904,1,325,0,0,93,0,0,1,0,1,6,0,"spammer"
205,239,445,39,0,497,0,0,0,0,1,59,3,"spammer"
883,329,622,319,2,10114,0,0,1,3,1,101,8,"spammer"
192,171,53,0,0,33219,0,0,1,0,1,89,0,"spammer"
1039,563,995,514,1,13289,0,0,1,0,1,55,6,"spammer"
413,3204,3525,49,0,2698,0,0,0,1,1,30,3,"spammer"
545,816,321,278,7,32324,0,0,1,0,1,68,6,"spammer"
501,152,90,231,0,1205,0,0,0,0,1,59,3,"spammer"
264,1132,79,50,1,25753,0,0,2,0,1,67,0,"spammer"
745,535,527,1466,0,9269,0,0,1,1,1,79,0,"spammer"
659,561,421,1145,1,18306,46,0,0,1,1,65,0,"spammer"
899,35,623,0,0,762,0,0,0,0,1,31,0,"spammer"
506,859,1962,385,1,1271,0,0,1,1,1,89,0,"spammer"
1279,3526,1769,117,21,67510,0,0,1,0,1,55,6,"spammer"
58,11,98,25,0,426,1,0,5,1,1,108,4,"non-spammer"
1173,642,1998,50,3,2281,0,0,0,1,1,83,0,"non-spammer"
693,309,303,6,6,8773,0,0,0,1,1,114,0,"non-spammer"
932,710,455,256,3,18798,0,0,0,0,1,31,0,"non-spammer"
55,12,13,0,0,4092,0,0,0,0,1,41,1,"non-spammer"
1784,802,670,668,20,14870,191,0,1,1,1,134,1,"non-spammer"
86,301,12,13,1,6343,0,0,0,0,1,109,0,"non-spammer"
1097,1035,385,186,2,43864,80,0,0,1,1,132,0,"non-spammer"
1722,2029,851,7,30,33308,0,0,1,1,1,62,4,"non-spammer"
931,1762,1509,0,17,57732,0,0,1,0,1,118,4,"non-spammer"
1792,19,26,6,0,472,0,0,1,1,1,86,0,"non-spammer"
281,105,110,74,0,767,281,0,0,1,1,120,4,"non-spammer"
1043,76,189,0,0,420,0,0,1,0,1,109,2,"non-spammer"
63,197,134,135,0,2698,1508,0,0,2,2,96,4,"non-spammer"
600,4397,4838,0,9,70703,0,0,0,0,1,46,0,"non-spammer"
1010,64,204,45,2,574,0,0,0,0,1,36,0,"non-spammer"
499,234,814,333,2,1243,0,0,0,0,1,75,0,"non-spammer"
1102,304,423,793,6,74449,58,0,0,1,1,75,6,"non-spammer"
1325,658,458,83,29,62466,3,0,1,1,1,83,10,"non-spammer"
1122,28,184,12,0,28,3,0,2,2,1,92,0,"non-spammer"
1449,310,177,340,3,6656,0,0,0,0,1,31,0,"non-spammer"
1389,68,178,3,0,1731,12,0,0,2,1,140,0,"non-spammer"
540,1058,1928,1270,0,9897,43172,0,0,2,1,68,0,"non-spammer"
1151,51,43,112,0,907,0,0,0,0,1,100,0,"non-spammer"
253,938,589,3948,0,64504,65,0,0,1,1,36,3,"non-spammer"
676,91,46,13,0,5297,15,0,1,1,1,71,0,"non-spammer"
1579,301,557,5,8,4117,0,0,12,0,1,92,0,"non-spammer"
808,350,363,326,0,17752,1,0,0,1,1,122,4,"non-spammer"
515,216,146,1107,0,13566,5,0,1,3,1,118,3,"non-spammer"
449,212,396,26,4,456,0,0,2,0,1,100,3,"non-spammer"
995,46,0,0,0,55683,0,0,0,0,1,26,0,"non-spammer"
450,196,595,0,0,6737,0,0,11,0,1,110,0,"non-spammer"
1202,1238,750,207,2,82782,0,0,0,0,1,66,3,"non-spammer"
270,306,167,0,0,4337,4,0,0,1,1,62,7,"non-spammer"
710,544,370,1739,2,20768,7033,0,0,1,1,126,2,"non-spammer"
87,7,39,0,0,87863,0,0,1,0,2,82,0,"non-spammer"
756,8959,9205,0,9,9302,0,0,0,0,1,25,0,"non-spammer"
381,270,34,0,5,147460,0,0,2,0,1,115,0,"non-spammer"
1311,760,0,0,45,524493,0,0,0,0,1,34,3,"non-spammer"
1451,4289,4638,1719,133,57326,0,0,0,1,1,55,0,"non-spammer"
1968,12814,12674,15,89,27050,0,0,3,0,1,58,0,"non-spammer"
309,241,205,67,0,8231,0,0,0,0,1,41,0,"non-spammer"
1587,433,513,1547,25,21065,2,0,0,1,1,40,5,"non-spammer"
365,15,10,0,0,7014,0,0,0,0,1,42,0,"non-spammer"
719,28,104,0,0,13076,0,0,0,0,1,103,10,"non-spammer"
1601,7691,266,592,107,74097,0,0,0,0,1,103,8,"non-spammer"
1322,2753,2894,2,3,1646,0,0,0,0,1,15,0,"non-spammer"
1241,1393,758,701,36,12638,0,0,1,0,1,112,6,"non-spammer"
261,79,112,0,2,3119,0,0,0,0,1,99,0,"non-spammer"
1091,863,192,3091,21,255379,0,0,0,0,1,0,0,"non-spammer"
362,19,26,0,0,72280,0,0,0,0,1,115,0,"non-spammer"
910,159,148,785,0,5773,0,0,0,0,1,30,0,"non-spammer"
946,2,6,0,0,11,0,0,0,0,1,0,0,"non-spammer"
58,845,1062,1,2,9097,0,0,0,1,1,92,0,"non-spammer"
176,88,1,0,2,9311,0,0,1,0,1,41,0,"non-spammer"
61,0,0,0,0,29585,0,0,0,0,1,40,0,"non-spammer"
411,392,480,229,2,1333,2,0,0,1,1,88,0,"non-spammer"
824,434,297,1945,1,14721,0,0,0,0,1,28,0,"non-spammer"
704,1001,1577,4291,1,48415,35489,0,0,3,1,49,0,"non-spammer"
552,6020,6022,306,2,288,0,0,0,0,1,95,1,"non-spammer"
1891,1667,1998,11146,15,14960,0,0,0,0,1,16,0,"non-spammer"
879,655,284,39,0,31400,0,0,0,1,1,104,0,"non-spammer"
463,9,19,0,0,175748,0,0,3,0,1,96,0,"non-spammer"
379,322,368,107,4,5822,0,0,0,1,1,83,3,"non-spammer"
342,6,6,0,2,3674,0,0,0,0,1,48,0,"non-spammer"
265,1050,1869,0,4,5154,0,0,0,0,1,28,0,"non-spammer"
817,385,229,7783,0,17431,0,0,0,1,1,62,0,"non-spammer"
1257,802,1534,4,9,6434,0,0,0,0,1,119,0,"non-spammer"
766,6177,6040,4483,224,134319,26,0,2,1,1,118,1,"non-spammer"
13,3,10,0,0,321,0,0,0,0,1,114,0,"non-spammer"
916,54,558,0,1,500,861,0,1,1,1,110,0,"non-spammer"
679,13822,15469,0,16,2450,2,0,0,1,1,117,0,"non-spammer"
134,983,98,0,0,8194,23,0,0,1,1,115,2,"non-spammer"
1660,2649,1638,6,71,16618,0,0,1,0,1,66,4,"non-spammer"
1101,472,131,215,3,52778,0,0,0,3,1,65,0,"non-spammer"
731,11,27,1,0,8,0,0,1,2,1,89,0,"non-spammer"
358,711,1900,585,1,1166,0,0,0,2,1,76,0,"non-spammer"
663,941,2003,305,2,37504,0,0,0,0,1,7,0,"non-spammer"
993,471,308,70,0,7225,0,0,0,0,1,27,0,"non-spammer"
1028,14085,12693,191,36,31790,0,0,0,0,1,114,0,"non-spammer"
1668,1126,454,1,4,21182,0,0,0,0,1,13,0,"non-spammer"
1841,921,940,10,19,10450,21,0,1,2,2,75,0,"non-spammer"
29,46,46,4,0,5018,0,0,0,0,1,48,0,"non-spammer"
100,2795,2733,883,35,33801,4,0,1,1,1,89,0,"non-spammer"
678,91,536,4,0,1024,0,0,0,0,1,8,0,"non-spammer"
664,1670,201,1,3,17584,0,0,1,1,1,76,0,"non-spammer"
461,2135,1649,1089,4,30723,0,0,0,1,1,34,0,"non-spammer"
1246,2157,2017,3941,5,5996,0,0,0,0,1,68,5,"non-spammer"
1650,244,289,174,0,3696,0,0,1,0,1,7,1,"non-spammer"
2484,3672,1945,3498,216,40139,0,0,0,0,1,51,0,"non-spammer"
317,887,24,1,1,21031,0,0,1,0,1,74,2,"non-spammer"
988,676,268,22,20,4349,0,0,1,3,1,106,0,"non-spammer"
874,244,218,6,10,3290,0,0,0,0,1,48,0,"non-spammer"
1,158,202,0,0,86,464,0,0,2,2,96,4,"non-spammer"
188,6760,7216,0,5,22431,0,0,0,0,1,47,0,"non-spammer"
466,1206,97,517,3,2469,0,0,1,0,1,57,0,"non-spammer"
32,79,597,23,0,387,0,0,1,1,1,49,1,"non-spammer"
577,477,680,1,0,18186,0,0,0,0,1,13,0,"non-spammer"
29,0,0,0,0,11,0,0,0,0,1,38,0,"non-spammer"
748,339,108,367,1,8597,0,0,0,0,1,20,0,"non-spammer"
543,87,67,8,0,24051,0,0,2,0,1,114,0,"non-spammer"
122,523,350,989,2,3404,0,0,0,0,1,114,0,"non-spammer"
75,31,68,20,0,148,0,0,1,1,1,80,3,"non-spammer"
739,4,11,0,0,14383,0,0,0,0,1,32,0,"non-spammer"
172,2,0,0,0,53611,0,0,4,0,2,70,4,"non-spammer"
1054,18,29,6,0,646,0,0,0,0,1,29,0,"non-spammer"
1244,4793,516,244,1,2521,0,0,2,0,1,15,0,"non-spammer"
866,274,205,108,0,17829,0,0,0,0,1,106,0,"non-spammer"
0,4,15,0,0,83,1,0,0,1,1,52,0,"non-spammer"
1162,226603,157037,98,469,50119,0,0,0,0,1,62,0,"non-spammer"
742,78,17,265,0,313,0,0,0,0,1,51,0,"non-spammer"
1441,1107,910,3760,75,57964,18,0,0,1,1,132,0,"non-spammer"
804,80,260,582,0,1651,0,0,1,0,1,5,0,"non-spammer"
891,6297,6930,3777,3,48812,549,0,0,1,1,34,0,"non-spammer"
562,446,297,135,6,30019,0,0,0,0,1,46,0,"non-spammer"
1867,2223,2426,125,37,48475,0,0,3,1,1,108,4,"non-spammer"
723,223,484,586,0,1608,0,0,2,0,1,101,0,"non-spammer"
833,15,18,0,0,127,0,0,0,0,1,30,0,"non-spammer"
934,377,1169,50,0,1064,0,0,0,0,1,97,3,"non-spammer"
74,0,6,0,0,1557,0,0,2,0,1,85,0,"non-spammer"
1158,261,414,10,0,3254,8638,0,0,1,1,54,0,"non-spammer"
304,285,102,94,0,4951,0,0,0,0,1,72,1,"non-spammer"
279,22,22,2,0,506,0,0,0,0,1,31,0,"non-spammer"
1420,2798,5,1,103,2909,0,0,5,0,1,97,0,"non-spammer"
789,4,9,0,0,205,0,0,0,0,1,27,0,"non-spammer"
1796,11286,12003,1091,288,15471,0,0,0,0,1,33,0,"non-spammer"
135,350,2001,1,0,1058,0,0,0,0,1,29,3,"non-spammer"
1510,79,168,222,0,4316,5,0,0,1,1,89,0,"non-spammer"
10,0,13,0,0,26,0,0,0,0,1,85,0,"non-spammer"
1094,3022,3095,802,33,33632,0,0,0,0,1,8,0,"non-spammer"
109,66,66,0,0,38378,0,0,2,0,1,103,9,"non-spammer"
277,314,389,104,0,3765,0,0,0,0,1,58,2,"non-spammer"
228,180,128,0,1,3124,0,0,0,0,1,96,2,"non-spammer"
118,374,1,0,1,52071,0,0,0,0,1,54,0,"non-spammer"
1461,2198,2410,0,34,9916,0,0,0,1,1,85,0,"non-spammer"
298,83,67,0,0,6530,0,0,0,0,1,40,4,"non-spammer"
1093,1285,1270,7,6,847,0,0,0,0,1,17,0,"non-spammer"
631,1025,1334,149,6,5652,0,0,0,0,1,50,0,"non-spammer"
808,253,229,436,0,5839,0,0,0,0,1,95,2,"non-spammer"
1249,1286,1491,0,0,59139,0,0,0,0,1,64,0,"non-spammer"
346,6,23,0,0,7,0,0,0,0,1,78,0,"non-spammer"
301,18,126,281,0,745,5,0,0,1,1,53,0,"non-spammer"
2562,4041,1288,195,72,7379,0,0,0,0,2,39,0,"non-spammer"
1435,6602,1181,5,60,28737,8,0,0,7,1,118,3,"non-spammer"
108,922,801,1188,2,24296,0,0,1,7,1,115,6,"non-spammer"
747,15,192,7,0,34,1811,0,0,1,1,27,0,"non-spammer"
960,286,621,0,2,14342,0,0,0,0,1,42,0,"non-spammer"
629,163,85,0,1,80781,0,0,0,0,1,115,0,"non-spammer"
912,1917,1981,0,93,7004,0,0,1,0,1,43,0,"non-spammer"
371,971,235,44208,234,11187,0,0,0,0,1,10,0,"non-spammer"
1512,763,1863,2,40,1034,0,0,0,0,1,86,3,"non-spammer"
0,2,34,0,0,53,0,0,1,0,1,77,12,"non-spammer"
536,8469,7266,22,41,142145,0,0,0,0,1,10,0,"non-spammer"
838,77,97,15,0,663,2,0,1,1,1,140,0,"non-spammer"
441,95,94,5,0,224,796,0,0,1,1,101,0,"non-spammer"
1128,3042,2182,2,19,25150,0,0,1,0,1,70,4,"non-spammer"
1250,1686,191,44,47,9990,2,0,0,2,1,122,0,"non-spammer"
450,80,144,7,0,1106,0,0,0,0,1,0,0,"non-spammer"
496,354,198,43,0,44158,0,0,0,0,1,73,2,"non-spammer"
301,3110,2086,39,6,185228,0,0,0,0,1,117,16,"non-spammer"
1326,81,632,616,0,4568,11,0,0,1,1,42,0,"non-spammer"
1805,185,376,57,1,3085,0,0,0,0,1,39,0,"non-spammer"
450,535,505,75,0,2590,0,0,0,0,1,50,0,"non-spammer"
832,152,137,38,15,2703,17,0,0,1,1,84,0,"non-spammer"
1364,395,984,232,0,5602,6668,0,0,1,1,88,1,"non-spammer"
967,9594,6832,220,37,6489,1,0,2,1,1,87,6,"non-spammer"
57,173,472,84,1,2171,0,0,0,0,1,70,0,"non-spammer"
215,86,107,155,0,649,0,0,0,0,1,49,1,"non-spammer"
522,1158,932,28,0,10274,0,0,0,1,1,105,2,"non-spammer"
526,731,856,69,0,10606,0,0,0,0,1,7,0,"non-spammer"
797,702,1553,322,1,11539,0,0,0,0,1,97,3,"non-spammer"
99,28,92,253,0,302,164,0,0,2,1,78,2,"non-spammer"
1077,61,88,141,1,1862,0,0,0,0,1,6,0,"non-spammer"
919,797,1275,45,19,1989,57,0,0,1,1,75,1,"non-spammer"
241,308,462,5516,0,5027,0,0,0,0,1,19,0,"non-spammer"
1786,3297,1128,3,334,25915,0,0,0,0,1,60,0,"non-spammer"
240,10552,2793,1014,2,53317,0,0,0,0,1,74,0,"non-spammer"
1159,166,163,42,0,8628,0,0,0,0,1,8,0,"non-spammer"
1100,1717,1743,437,22,13927,44977,0,0,2,1,68,0,"non-spammer"
640,16,56,43,0,900,0,0,0,0,1,51,0,"non-spammer"
507,324,286,168,0,2444,5586,0,0,1,1,72,0,"non-spammer"
562,630,673,893,4,12333,0,0,2,1,1,62,1,"non-spammer"
447,77,228,35,0,214,18,0,0,2,1,122,2,"non-spammer"
620,3204,1866,843,9,92805,4,0,0,1,1,40,0,"non-spammer"
259,953,310,110,15,696,0,0,0,0,1,95,2,"non-spammer"
571,281,451,2142,0,10406,36,0,0,1,1,79,0,"non-spammer"
1394,219,204,4,1,17643,0,0,0,0,1,52,0,"non-spammer"
816,139,189,2172,2,9554,0,0,0,0,1,73,15,"non-spammer"
901,21956,400,1,660,5827,9,0,0,1,1,118,0,"non-spammer"
278,439,280,1838,11,15582,0,0,0,0,1,85,5,"non-spammer"
974,8,15,0,0,1837,0,0,0,0,1,5,0,"non-spammer"
1275,1131,1401,134,7,100343,0,0,0,0,1,57,0,"non-spammer"
1006,1251,1221,204,25,71476,0,0,0,0,1,70,0,"non-spammer"
873,1384,1202,0,26,122588,0,0,2,0,1,71,1,"non-spammer"
951,54,67,0,1,9275,0,0,0,0,1,12,0,"non-spammer"
1121,725,591,149,7,38151,0,0,0,0,1,114,0,"non-spammer"
537,162,695,230,0,807,0,0,0,1,1,37,0,"non-spammer"
14,0,5,0,0,524,0,0,0,0,1,34,0,"non-spammer"
17,675,2,0,0,5899,1943,0,0,2,2,96,4,"non-spammer"
964,221,281,295,3,12248,1,0,0,1,1,118,4,"non-spammer"
1491,20603,19931,12719,675,210207,0,0,0,0,1,24,0,"non-spammer"
1552,227,177,11610,3,23967,1,0,0,1,1,124,0,"non-spammer"
836,257,323,540,0,2410,0,0,0,0,1,102,0,"non-spammer"
1452,78,373,18,3,6240,0,0,0,0,1,55,0,"non-spammer"
158,117,0,0,0,1242,74,0,0,1,1,118,5,"non-spammer"
762,138,79,19,2,4340,0,0,0,0,1,46,0,"non-spammer"
1723,545,461,5543,4,12350,1,0,0,1,1,109,6,"non-spammer"
532,1,42,1,1,13927,0,0,0,0,1,11,0,"non-spammer"
791,31,252,116,0,355,0,0,0,1,1,14,1,"non-spammer"
1620,19,80,11,1,196,0,0,0,0,1,20,0,"non-spammer"
832,382,1032,2783,0,11354,0,0,0,1,1,58,0,"non-spammer"
642,567,290,324,1,13429,0,0,0,1,1,83,0,"non-spammer"
37,2,0,0,0,17915,0,0,1,0,1,45,4,"non-spammer"
1076,2439,531,1080,2,24092,0,0,0,1,1,58,3,"non-spammer"
374,473,485,122,0,10701,0,0,0,0,1,96,2,"non-spammer"
824,647,222,758,0,46333,0,0,2,0,1,59,0,"non-spammer"
820,3338,2430,910,13,39973,0,0,0,1,1,56,0,"non-spammer"
827,239,643,8,0,1324,1,0,0,2,1,58,0,"non-spammer"
942,2046,2229,28061,64,87634,1,0,0,1,1,47,0,"non-spammer"
282,12,60,5,0,38,0,0,0,0,1,21,0,"non-spammer"
504,722,1947,0,3,11016,0,0,0,0,1,42,0,"non-spammer"
354,769,408,274,3,6646,0,0,0,0,1,45,1,"non-spammer"
83,968,60,0,2,77764,0,0,0,0,1,105,3,"non-spammer"
530,344,343,17,0,15132,0,0,0,0,1,116,0,"non-spammer"
1335,249,248,1378,25,10142,7,0,0,1,1,29,1,"non-spammer"
1424,350,676,32,0,4025,7286,0,0,1,1,123,2,"non-spammer"
809,224,1303,40,0,2648,0,0,0,0,1,41,0,"non-spammer"
507,662,388,3253,0,5994,0,0,0,0,1,23,0,"non-spammer"
743,7540,6864,1627,3,9321,0,0,0,1,1,35,0,"non-spammer"
1115,680,1527,5,37,34673,0,0,0,0,1,8,0,"non-spammer"
1307,42,259,3,0,71,0,0,0,0,1,53,0,"non-spammer"
316,13,29,8,0,385,1239,0,0,1,1,61,3,"non-spammer"
812,94,77,26,0,1238,0,0,0,0,1,116,6,"non-spammer"
457,336,399,92,25,1681,1,0,0,4,1,118,2,"non-spammer"
61,183,173,233,0,3691,0,0,0,0,1,87,10,"non-spammer"
1315,708,524,10249,5,33259,0,0,4,0,1,98,0,"non-spammer"
165,137,214,7,0,6506,0,0,0,0,1,31,1,"non-spammer"
4,2,26,0,0,949,0,0,0,0,1,13,1,"non-spammer"
322,5651,3864,10,3,38766,0,0,0,0,1,47,0,"non-spammer"
835,3,38,0,0,227,0,0,3,0,1,101,0,"non-spammer"
112,1,18,0,0,42882,0,0,1,0,1,91,4,"non-spammer"
337,459,0,0,1,99325,0,0,0,0,1,114,12,"non-spammer"
1015,1167,488,456,1,30494,1,0,0,1,1,92,1,"non-spammer"
1077,955,1231,7,3,66088,0,0,0,1,1,92,1,"non-spammer"
2044,1831974,368352,2092,13678,439276,0,0,0,0,1,58,3,"non-spammer"
940,11993,283,975,22,58756,0,0,0,0,1,116,0,"non-spammer"
623,271,668,5,0,1288,0,0,0,0,1,49,0,"non-spammer"
957,7,28,1,0,48,0,0,0,0,1,20,0,"non-spammer"
1044,8928,8841,240,15,28337,0,0,0,2,1,49,0,"non-spammer"
40,190,339,237,0,674,0,0,0,1,1,52,0,"non-spammer"
892,252,254,765,0,11914,0,0,5,0,1,55,0,"non-spammer"
1527,497,926,461,18,8187,2,0,0,2,1,95,0,"non-spammer"
1149,38641,1253,959,806,14499,0,0,0,0,1,16,0,"non-spammer"
326,271,510,1505,12,22242,2767,0,0,1,1,100,0,"non-spammer"
936,51311,33893,0,252,444432,0,0,0,0,1,48,0,"non-spammer"
383,5036,5345,0,5,66678,0,0,0,0,1,81,0,"non-spammer"
927,489,512,1315,40,14834,1,0,1,1,1,39,1,"non-spammer"
569,246,177,30,0,3456,4986,0,0,1,1,115,0,"non-spammer"
577,341,569,380,0,1445,0,0,0,0,1,69,1,"non-spammer"
1515,624,994,96,15,1313,0,0,0,0,1,89,0,"non-spammer"
660,529,174,49,2,429388,0,0,0,0,1,27,0,"non-spammer"
916,20980,19862,18,2,579,171,0,0,2,1,90,1,"non-spammer"
909,4,19,1,0,19,0,0,0,1,1,75,1,"non-spammer"
50,779,2001,1,0,1991,0,0,1,1,1,73,7,"non-spammer"
709,91,233,241,0,1177,0,0,0,0,1,20,0,"non-spammer"
0,3,10,0,0,31,0,0,5,0,1,92,0,"non-spammer"
248,182,217,16,5,2847,1,0,0,3,1,64,2,"non-spammer"
371,99,435,110,0,493,0,0,0,0,1,84,4,"non-spammer"
1507,488,442,2694,0,6944,0,0,0,0,1,35,0,"non-spammer"
255,372,278,1282,0,8555,372,0,0,1,1,37,0,"non-spammer"
331,48,213,0,0,2424,0,0,0,0,1,27,0,"non-spammer"
913,569,1499,85,1,8022,0,0,0,0,1,108,0,"non-spammer"
1176,2321,1,0,44,212224,0,0,0,0,1,49,0,"non-spammer"
1043,131,20,0,1,126057,0,0,0,0,1,58,0,"non-spammer"
1219,468,247,9,1,21856,0,0,0,0,1,61,3,"non-spammer"
50,1106,191,54,0,27607,0,0,0,0,1,114,2,"non-spammer"
1048,630,715,3,9,725,41,0,4,1,1,112,0,"non-spammer"
1101,87,70,95,1,2966,0,0,0,0,1,25,0,"non-spammer"
1083,1757,1999,1066,34,28911,0,0,0,0,1,95,2,"non-spammer"
517,256,204,287,0,4071,1,0,0,1,1,135,2,"non-spammer"
785,192,139,140,0,777,0,0,0,0,1,60,0,"non-spammer"
194,128,146,4624,2,3304,44780,0,0,2,1,68,0,"non-spammer"
1332,6376,2,0,217,758722,0,0,0,2,1,70,0,"non-spammer"
1301,481,748,248,2,27174,0,0,0,0,1,55,2,"non-spammer"
1357,132,143,208,2,639,0,0,0,0,1,15,0,"non-spammer"
1468,5318,4810,2729,67,89229,0,0,1,5,1,107,9,"non-spammer"
442,648,489,12167,0,5172,0,0,0,0,1,30,0,"non-spammer"
1056,319,281,22,0,17577,0,0,0,0,1,30,0,"non-spammer"
269,56,152,7,0,349,0,0,0,0,1,35,0,"non-spammer"
4,6,72,0,0,71,1,0,4,2,1,118,3,"non-spammer"
126,45,0,0,0,3853,1,0,2,1,1,79,0,"non-spammer"
1338,190,356,2,3,7338,0,0,1,0,1,80,0,"non-spammer"
1369,17,120,0,1,482,0,0,0,0,1,111,7,"non-spammer"
676,130,163,0,0,205,5,0,0,1,1,61,2,"non-spammer"
379,152,185,1465,0,3518,255,0,1,2,1,47,1,"non-spammer"
18,238,63,0,1,15705,0,0,6,0,1,93,1,"non-spammer"
335,514,522,0,2,41437,0,0,0,0,1,93,22,"non-spammer"
995,401,306,452,4,20862,0,0,0,2,1,84,2,"non-spammer"
70,319,505,13,0,238,449,0,0,1,1,118,3,"non-spammer"
994,42,26,0,0,713,0,0,0,0,1,116,3,"non-spammer"
613,3129,2364,16,18,59022,0,0,0,0,1,25,0,"non-spammer"
173,134,83,3719,6,12083,3,0,1,4,1,116,0,"non-spammer"
722,484,477,124,1,6333,0,0,0,0,1,63,0,"non-spammer"
1025,405,725,8,12,18684,0,0,1,0,1,78,0,"non-spammer"
408,226,116,18,3,44,0,0,2,0,1,68,0,"non-spammer"
1780,76,377,0,1,415,0,0,0,0,1,102,0,"non-spammer"
690,155,209,0,6,77,0,0,1,0,1,106,0,"non-spammer"
148,673,287,1,0,427,678,0,4,1,1,49,4,"non-spammer"
782,210,154,61,1,5717,2919,0,0,1,1,91,2,"non-spammer"
37,0,0,0,0,17911,0,0,0,0,1,26,2,"non-spammer"
481,1242,189,17484,6,79320,3,0,0,2,1,57,2,"non-spammer"
825,2480,40,73,20,99546,0,0,2,1,1,114,0,"non-spammer"
61,141,309,0,0,6536,0,0,0,0,1,48,0,"non-spammer"
1093,296,289,27,2,12617,0,0,0,0,1,69,1,"non-spammer"
400,1,45,8,0,412,0,0,0,0,1,51,1,"non-spammer"
1271,770,1995,1632,19,24385,3,0,0,1,1,51,4,"non-spammer"
1066,309,660,17,8,2367,0,0,0,0,1,42,0,"non-spammer"
1209,89744,89902,1868,272,43780,1,0,3,3,1,118,0,"non-spammer"
475,411,328,79,0,12437,0,0,0,2,1,86,1,"non-spammer"
205,100,284,0,0,510,0,0,3,0,2,56,0,"non-spammer"
836,539,708,409,0,4428,26,0,0,1,1,81,0,"non-spammer"
694,1,13,0,0,183,0,0,0,0,1,49,0,"non-spammer"
867,1507,1280,3663,18,137214,6,0,0,1,1,100,0,"non-spammer"
775,28,103,16,0,1187,0,0,0,0,2,42,0,"non-spammer"
368,367,477,591,0,12007,0,0,0,0,1,74,2,"non-spammer"
163,19,2,0,0,11717,0,0,0,0,1,86,0,"non-spammer"
1468,2,8,0,0,210,0,0,1,0,1,74,0,"non-spammer"
289,537,678,314,1,685,0,0,5,0,1,50,0,"non-spammer"
306,33,15,0,0,10830,0,0,0,0,1,107,0,"non-spammer"
40,0,5,0,0,567,0,0,3,0,1,99,6,"non-spammer"
261,834,2001,158,2,764,0,0,0,0,1,8,0,"non-spammer"
409,771,96,0,21,206838,0,0,2,0,1,110,0,"non-spammer"
201,95,90,230,0,10309,384,0,0,1,1,28,4,"non-spammer"
398,304,289,103,1,1974,2932,0,0,2,1,128,0,"non-spammer"
118,518,183,19,0,3649,0,0,0,0,1,79,0,"non-spammer"
61,1384,1293,723,0,7337,0,0,0,0,1,107,0,"non-spammer"
901,6401,218,3639,8,2790,0,0,0,0,1,98,2,"non-spammer"
843,68,62,3526,0,1771,0,0,0,0,1,85,0,"non-spammer"
425,1960,2130,0,1,10901,0,0,3,0,1,42,7,"non-spammer"
1747,145,252,3,1,1759,0,0,0,0,1,24,1,"non-spammer"
1183,494,631,817,1,7395,0,0,1,0,1,34,0,"non-spammer"
988,24,797,0,0,8,0,0,1,0,1,28,0,"non-spammer"
145,10,6,0,0,37,3984,0,1,2,1,58,0,"non-spammer"
966,155,86,222,0,16070,0,0,0,0,1,13,0,"non-spammer"
1680,219,330,344,4,28798,0,0,0,0,1,49,0,"non-spammer"
1827,275,389,54,4,3160,0,0,0,0,1,19,0,"non-spammer"
567,1355,1171,4335,11,73782,0,0,0,1,1,15,0,"non-spammer"
230,109,11,0,0,99,0,0,0,0,1,110,5,"non-spammer"
1713,2673,1,0,83,58735,0,0,0,0,1,118,4,"non-spammer"
31,2496,1279,2,0,6358,0,0,1,0,1,52,0,"non-spammer"
86,24,27,0,0,171,0,0,0,0,1,74,0,"non-spammer"
1696,457,209,1312,3,6490,0,0,0,0,1,103,0,"non-spammer"
1652,13,228,8,0,67,0,0,0,0,1,54,2,"non-spammer"
61,10,79,6,0,424,287,0,0,1,1,118,3,"non-spammer"
1609,1873,1921,0,21,402485,0,0,0,0,2,56,0,"non-spammer"
133,1601,1468,7812,12,11283,58,0,0,2,1,71,1,"non-spammer"
1779,93,153,2,4,253,0,0,0,0,1,96,0,"non-spammer"
155,116,937,11,1,446,0,0,0,0,1,22,0,"non-spammer"
52,316,294,2226,2,5892,0,0,0,1,1,57,4,"non-spammer"
1009,132,162,1104,0,2119,0,0,0,0,1,60,0,"non-spammer"
646,1928,2004,0,14,18663,25,0,1,1,1,72,0,"non-spammer"
74,79,213,34,1,3411,0,0,0,1,1,38,0,"non-spammer"
189,3,33,26,0,77,1,0,0,1,1,50,0,"non-spammer"
667,19,73,0,0,295,0,0,0,1,1,10,0,"non-spammer"
105,274,252,1388,1,1067,1,0,0,2,1,118,2,"non-spammer"
840,10,38,11,0,2164,0,0,0,0,1,8,0,"non-spammer"
72,1,0,0,0,1023,0,0,0,0,1,58,3,"non-spammer"
264,873,1710,15,0,3981,0,0,0,0,1,110,2,"non-spammer"
241,1055,1115,591,1,26848,0,0,0,0,1,68,5,"non-spammer"
12,71,96,0,0,21,0,0,0,0,1,32,0,"non-spammer"
762,89,6,1,1,71347,0,0,2,0,1,57,0,"non-spammer"
1190,62,339,366,0,4254,1,0,1,1,1,109,0,"non-spammer"
884,1257,256,65,2,12287,2,0,0,8,1,123,2,"non-spammer"
745,414,1232,0,0,6726,0,0,0,0,1,17,0,"non-spammer"
977,895,555,6,0,24828,0,0,0,0,1,23,1,"non-spammer"
72,0,0,0,0,34622,0,0,0,0,1,30,0,"non-spammer"
1070,1502,1414,15,29,26853,0,0,0,0,1,85,0,"non-spammer"
2076,2556,2752,43,80,1857,0,0,0,0,1,113,0,"non-spammer"
971,213,871,813,2,12155,6495,0,0,1,1,123,3,"non-spammer"
1285,122,198,436,6,46075,1,0,0,1,1,133,6,"non-spammer"
15,87,52,6,0,15835,0,0,0,0,6,7,0,"non-spammer"
573,295,44,0,2,7634,0,0,0,0,1,113,0,"non-spammer"
551,112,129,3,0,676,0,0,0,0,1,32,0,"non-spammer"
771,30,73,35,2,1699,3,0,0,2,1,118,0,"non-spammer"
952,1021,865,0,1,114543,0,0,0,0,1,53,0,"non-spammer"
578,49,102,78,2,2008,0,0,4,0,1,59,0,"non-spammer"
326,5,9,0,0,4542,0,0,0,0,2,1,0,"non-spammer"
39,646,761,0,0,380,0,0,1,0,1,49,3,"non-spammer"
869,571,2001,6586,0,22906,0,0,0,1,1,42,1,"non-spammer"
1647,313,434,221,0,14484,0,0,0,0,1,70,0,"non-spammer"
1723,84,165,10,1,2847,0,0,0,0,1,40,0,"non-spammer"
832,167,157,43,1,14127,0,0,0,0,1,8,0,"non-spammer"
633,173,160,1,0,1898,7,0,0,1,1,97,0,"non-spammer"
225,479,52,0,0,21807,0,0,1,0,1,51,0,"non-spammer"
476,430,171,873,3,2330,0,0,0,0,1,69,0,"non-spammer"
1711,487,1,0,7,22822,0,0,0,0,1,75,1,"non-spammer"
1156,89,76,663,3,11871,0,0,1,0,1,68,1,"non-spammer"
1160,782,834,28,24,3384,0,0,1,1,1,39,0,"non-spammer"
1707,8,70,0,0,127,0,0,3,0,1,74,0,"non-spammer"
36,3,10,0,2,19836,0,0,0,0,1,87,0,"non-spammer"
407,566,377,1262,0,20625,0,0,0,0,1,48,0,"non-spammer"
521,1191,732,1067,2,14516,0,0,0,0,1,52,0,"non-spammer"
89,191,177,141,0,870,0,0,1,0,1,75,0,"non-spammer"
514,256,114,1050,0,2766,0,0,1,2,1,76,1,"non-spammer"
310,2,6,0,0,18,0,0,0,0,1,107,2,"non-spammer"
1405,235,189,226,16,37379,0,0,1,0,1,71,14,"non-spammer"
1068,238,476,0,0,777,0,0,0,0,1,105,0,"non-spammer"
488,1264,1437,0,2,12120,2,0,0,1,1,60,3,"non-spammer"
696,391,637,12,2,3857,7111,0,0,1,1,123,2,"non-spammer"
1703,169,401,19,0,1005,11,0,0,2,1,102,0,"non-spammer"
843,353,337,38,1,6570,0,0,0,0,1,116,1,"non-spammer"
967,777,669,5539,2,31386,0,0,0,1,1,30,0,"non-spammer"
213,105,98,576,1,3788,42,0,0,1,1,133,2,"non-spammer"
1506,35,91,88,0,1215,0,0,0,0,1,42,2,"non-spammer"
924,81,58,35,0,760,0,0,0,1,1,48,0,"non-spammer"
88,0,0,0,0,416,0,0,1,0,1,15,2,"non-spammer"
280,141,230,650,3,6678,33,0,0,1,1,98,1,"non-spammer"
601,204,227,2597,0,3349,0,0,0,0,1,19,0,"non-spammer"
664,11,142,4,0,50,0,0,0,0,1,104,0,"non-spammer"
1640,37862,35,68,4,133307,1,0,0,2,1,124,3,"non-spammer"
735,48,23,4,0,85,0,0,1,0,1,38,3,"non-spammer"
358,232,260,0,0,110,0,0,1,0,1,38,0,"non-spammer"
145,1,4,0,0,45,2906,0,1,2,1,58,0,"non-spammer"
284,0,0,0,0,1688,0,0,0,0,1,34,0,"non-spammer"
861,129,193,1122,8,12792,0,0,0,1,1,74,6,"non-spammer"
1191,3,6,1,0,643,0,0,1,0,2,22,4,"non-spammer"
108,1717,1921,383,10,6135,0,0,0,0,1,87,10,"non-spammer"
874,1464,622,798,9,110718,0,0,0,0,1,55,2,"non-spammer"
3,11,52,0,0,1,0,0,0,1,1,83,0,"non-spammer"
119,148,233,15,0,380,0,0,0,2,1,121,1,"non-spammer"
100,357,2001,60,0,817,0,0,0,0,1,1,1,"non-spammer"
926,72372,15304,0,67,18446,13,0,0,1,1,129,0,"non-spammer"
555,1586,1419,432,1,29238,0,0,0,1,1,26,0,"non-spammer"
247,487,721,0,0,63627,0,0,0,0,1,101,2,"non-spammer"
579,8497,9093,6240,96,24065,0,0,0,1,1,88,0,"non-spammer"
846,743,898,37712,18,74806,21,0,0,1,1,17,0,"non-spammer"
1550,572,390,1123,4,71772,0,0,0,0,1,14,0,"non-spammer"
801,420,266,1150,0,80902,1,0,0,1,1,89,1,"non-spammer"
1520,516,181,50496,24,161610,1,0,0,1,1,25,2,"non-spammer"
432,407,645,54,0,10656,3,0,0,1,1,107,4,"non-spammer"
1717,15,184,0,1,10151,0,0,0,0,1,4,0,"non-spammer"
662,1633,1848,0,3,44428,0,0,0,0,1,58,0,"non-spammer"
422,107,97,8,0,6413,0,0,0,0,1,89,0,"non-spammer"
1415,462,281,366,6,25148,0,0,0,0,1,46,0,"non-spammer"
347,54,154,602,1,397,0,0,0,0,1,30,0,"non-spammer"
38,88,26,0,0,13321,0,0,1,0,1,62,4,"non-spammer"
1607,721,956,127,0,1649,0,0,0,0,1,39,0,"non-spammer"
1323,115,207,0,4,285,0,0,0,0,1,117,0,"non-spammer"
167,72,1,0,2,25471,0,0,0,0,1,67,0,"non-spammer"
241,900,936,143,1,20878,7,0,3,2,1,86,0,"non-spammer"
218,16,173,50,0,1500,158,0,0,1,3,35,0,"non-spammer"
1293,525,402,3222,1,15957,6,0,0,1,1,93,0,"non-spammer"
1197,90655,68562,11366,545,12840,0,0,1,0,1,122,0,"non-spammer"
91,231,592,17,0,1930,1,0,0,1,1,67,0,"non-spammer"
151,237,223,279,2,5710,0,0,0,0,1,10,0,"non-spammer"
261,9295,3132,5,53,56571,0,0,0,0,1,52,0,"non-spammer"
289,56,69,0,0,26572,0,0,0,0,1,19,0,"non-spammer"
540,2712,1554,80,4,140750,0,0,0,0,1,53,0,"non-spammer"
867,508,370,128,1,22833,0,0,0,0,1,34,0,"non-spammer"
762,49,178,0,0,25737,0,0,0,0,1,95,10,"non-spammer"
44,10,41,34,0,87,61,0,1,1,1,108,0,"non-spammer"
1256,1854,184,1493,36,20537,23,0,0,1,1,45,0,"non-spammer"
1749,483,1756,5,1,14283,0,0,4,1,1,116,0,"non-spammer"
1724,1341,2009,5,29,543,4,0,1,1,1,85,0,"non-spammer"
1118,97,0,0,8,24160,0,0,0,0,1,101,0,"non-spammer"
83,17,33,0,1,445,5,0,0,1,1,132,0,"non-spammer"
147,105,109,3,0,285,0,0,0,0,1,62,1,"non-spammer"
507,10,20,0,0,88,0,0,0,0,1,98,4,"non-spammer"
1914,3515,2360,59,70,22296,1,0,0,3,1,118,2,"non-spammer"
935,1434,1583,4,0,441,0,0,0,0,1,70,0,"non-spammer"
963,14815,12039,0,201,86665,0,0,1,1,1,66,0,"non-spammer"
79,1255,60,0,7,60236,0,0,13,0,1,105,3,"non-spammer"
1712,210,564,305,4,6182,0,0,0,0,1,106,0,"non-spammer"
129,57,0,0,3,27920,0,0,3,0,1,112,0,"non-spammer"
722,1008,71,0,5,162961,0,0,0,0,1,65,0,"non-spammer"
1520,1805,880,20,2,83039,0,0,0,0,1,111,2,"non-spammer"
359,4,11,0,0,1198,9,0,2,1,1,62,0,"non-spammer"
138,257,1303,1,1,1236,0,0,0,0,1,35,2,"non-spammer"
644,23,64,0,0,7668,0,0,1,1,1,97,10,"non-spammer"
553,425,248,1116,0,9559,0,0,0,0,1,18,0,"non-spammer"
126,2331,2550,0,4,32352,0,0,4,0,1,82,2,"non-spammer"
192,57,272,8,1,29,0,0,0,0,1,30,0,"non-spammer"
1079,424,167,76,0,13465,0,0,0,0,1,23,0,"non-spammer"
323,4,29,0,0,5240,0,0,0,0,1,8,0,"non-spammer"
64,298,365,437,0,2561,163,0,0,1,1,121,0,"non-spammer"
1081,170,196,0,0,3916,61,0,0,1,1,69,0,"non-spammer"
431,8024,4327,59,15,73064,1,0,1,1,1,124,4,"non-spammer"
1228,389,296,104,0,18390,0,0,0,0,1,55,2,"non-spammer"
913,312,104,3010,1,26266,1,0,2,1,1,77,1,"non-spammer"
1529,58,197,1280,1,2693,23,0,0,2,1,112,0,"non-spammer"
2,40,197,3,0,12,0,0,2,0,1,65,6,"non-spammer"
1355,1061,1672,14,6,9763,0,0,1,1,1,89,3,"non-spammer"
864,1072,281,442,0,20135,0,0,0,0,1,57,2,"non-spammer"
549,990,849,2,7,2586,0,0,0,0,1,71,0,"non-spammer"
1643,98,147,2,1,1817,677,0,0,1,1,81,0,"non-spammer"
98,430,271,0,1,119,0,0,3,0,1,97,0,"non-spammer"
366,746,284,9,1,16196,0,0,0,0,1,61,0,"non-spammer"
316,739,815,5,6,4082,0,0,0,0,1,85,0,"non-spammer"
1662,1413,1726,131,27,75249,0,0,0,0,1,77,0,"non-spammer"
159,118,0,0,0,1399,111,0,0,1,1,118,5,"non-spammer"
1177,710,256,154,2,37662,0,0,0,0,1,22,1,"non-spammer"
917,129,710,47,0,527,643,0,2,1,1,102,0,"non-spammer"
204,26,29,35,0,618,0,0,0,1,1,113,0,"non-spammer"
699,1427,1778,0,14,2678,0,0,0,3,1,74,4,"non-spammer"
524,218,48,5,3,58262,0,0,0,0,1,116,1,"non-spammer"
1023,2066,1727,6561,4,27566,0,0,0,0,1,35,0,"non-spammer"
617,2,6,1,0,4,0,0,0,0,1,37,0,"non-spammer"
1445,27,7,0,1,4128,0,0,0,0,1,71,0,"non-spammer"
1362,26,35,11,0,400,0,0,0,1,1,108,7,"non-spammer"
717,379,353,315,0,7762,0,0,0,0,1,7,0,"non-spammer"
486,163,407,838,0,2359,544,0,0,1,1,62,1,"non-spammer"
84,1819,2011,0,1,10705,0,0,0,0,1,31,2,"non-spammer"
1461,223,204,32,19,40975,3,0,0,1,1,65,0,"non-spammer"
37,141,569,0,2,14816,0,0,0,0,1,44,1,"non-spammer"
1402,209,611,15,2,354,56,0,0,2,1,92,5,"non-spammer"
553,240,705,112,0,3873,0,0,0,0,1,70,0,"non-spammer"
1643,128907,1062,1710,2410,45404,0,0,0,0,1,86,1,"non-spammer"
413,1718,1943,1021,0,22837,0,0,0,0,1,74,0,"non-spammer"
25,9,36,1,0,20,0,0,0,0,1,28,0,"non-spammer"
597,370,414,6429,18,66939,0,0,0,0,1,13,0,"non-spammer"
419,0,12,0,0,6513,0,0,0,0,1,115,2,"non-spammer"
382,5049,5412,0,1,14864,0,0,0,0,1,56,0,"non-spammer"
714,1644,944,57,1,40374,0,0,0,0,1,18,0,"non-spammer"
0,0,1,0,0,77,0,0,1,1,1,73,0,"non-spammer"
853,533,198,92,0,23962,0,0,0,1,1,114,0,"non-spammer"
95,419,380,0,2,19185,0,0,6,0,1,114,0,"non-spammer"
998,74,99,1,0,16914,0,0,2,0,1,104,3,"non-spammer"
947,52,21,60,2,6183,0,0,0,0,1,67,2,"non-spammer"
111,187,1,0,2,6800,0,0,0,0,1,69,4,"non-spammer"
50,0,8,0,0,1896,0,0,0,0,6,5,0,"non-spammer"
1016,270,719,9,3,642,0,0,1,0,1,109,0,"non-spammer"
1532,19,6,0,0,3313,0,0,0,0,1,104,0,"non-spammer"
14,13,31,0,0,201,0,0,0,1,1,38,4,"non-spammer"
1281,367,193,93,54,23891,0,0,1,1,1,78,0,"non-spammer"
253,1583,2005,0,2,43245,0,0,0,0,1,87,0,"non-spammer"
97,13,26,17,0,90,13,0,0,1,1,70,0,"non-spammer"
983,405,403,1073,16,40278,0,0,1,2,1,92,0,"non-spammer"
0,16,11,0,0,735,0,0,0,0,6,5,0,"non-spammer"
114,1341,164,0,2,62632,0,0,2,0,1,42,4,"non-spammer"
820,242,235,82,4,7306,480,0,0,1,1,26,1,"non-spammer"
107,37,451,0,1,2099,0,0,5,0,1,94,0,"non-spammer"
853,171,144,124,2,603,1,0,1,4,1,144,0,"non-spammer"
792,4561,4303,1773,28,5128,0,0,1,0,1,35,0,"non-spammer"
465,4974,4735,3982,4,33476,0,0,0,0,1,86,6,"non-spammer"
1597,247,766,156,4,1282,0,0,1,1,1,107,0,"non-spammer"
154,94,153,5,0,551,0,0,0,0,1,30,0,"non-spammer"
649,18,121,1,0,17813,0,0,0,0,1,98,0,"non-spammer"
997,810,1994,875,2,1869,0,0,1,0,1,63,0,"non-spammer"
672,255,567,17,0,1937,0,0,0,0,1,30,0,"non-spammer"
966,1165,1357,153,1,9154,0,0,0,0,1,49,1,"non-spammer"
712,184,135,5118,0,21767,0,0,0,1,1,25,0,"non-spammer"
125,9769,0,0,38,2715,56,0,0,1,1,69,0,"non-spammer"
1450,176,208,42,5,11755,0,0,0,1,1,95,0,"non-spammer"
158,239,758,7,0,1298,0,0,0,0,1,30,0,"non-spammer"
23,42,26,53,1,212,0,0,0,0,1,8,0,"non-spammer"
1230,716,132,59,27,227,0,0,1,1,1,60,0,"non-spammer"
1744,82,241,10,0,1589,0,0,1,0,1,29,0,"non-spammer"
190,118,197,1210,0,3190,176,0,0,1,1,68,2,"non-spammer"
1475,263,188,30,3,74449,0,0,0,0,1,47,0,"non-spammer"
354,14088,14027,18523,47,25476,0,0,0,0,1,52,0,"non-spammer"
34,0,0,0,0,13,0,0,0,0,1,29,0,"non-spammer"
206,2268,2110,1165,6,24379,0,0,0,1,1,55,0,"non-spammer"
601,61,229,1972,0,60915,78,0,0,1,1,112,1,"non-spammer"
511,5302,5665,6,5,115388,0,0,0,0,1,17,0,"non-spammer"
255,599,83,12,1,71560,0,0,0,0,1,42,0,"non-spammer"
966,54,669,38,0,35323,0,0,0,0,1,8,0,"non-spammer"
158,31348,0,0,145,7283,123,0,0,1,1,85,0,"non-spammer"
0,16,214,0,0,10,0,0,4,0,1,32,0,"non-spammer"
826,112,192,305,3,5800,0,0,0,0,1,33,0,"non-spammer"
434,271,375,4,0,1488,0,0,0,0,1,113,0,"non-spammer"
267,3387,984,4,8,12192,0,0,0,1,2,93,2,"non-spammer"
989,356,218,2649,0,3989,0,0,0,0,1,50,0,"non-spammer"
116,5058,4149,15,2,7518,863,0,0,2,2,96,4,"non-spammer"
1364,545,555,7,6,49,0,0,1,0,1,113,0,"non-spammer"
1769,990,888,2338,48,13108,1,0,1,3,1,130,3,"non-spammer"
166,113,425,62,0,995,134,0,3,1,1,112,0,"non-spammer"
972,614,1601,8,1,20716,0,0,0,0,1,85,0,"non-spammer"
893,135,347,5424,4,8712,5,0,0,2,1,118,2,"non-spammer"
457,259,190,8736,1,13728,0,0,1,0,1,68,0,"non-spammer"
18,20,50,0,0,10406,0,0,2,0,1,96,5,"non-spammer"
1688,278,453,13,38,2873,0,0,0,1,1,87,0,"non-spammer"
174,60,2001,533,0,1744,6,0,4,1,1,97,0,"non-spammer"
405,1055,1111,0,0,908,0,0,0,0,1,39,0,"non-spammer"
678,557,514,310,0,7018,1,0,0,2,1,65,0,"non-spammer"
1038,1044,298,33,0,15152,0,0,0,0,1,62,1,"non-spammer"
1181,24,13,0,1,2018,0,0,0,0,1,113,2,"non-spammer"
615,755,588,3025,15,7793,1,0,2,1,1,119,1,"non-spammer"
487,249,471,7,7,7048,19,0,1,1,1,104,0,"non-spammer"
196,46,1,0,1,12093,0,0,0,0,1,38,0,"non-spammer"
1647,390,558,130,7,890,1,0,0,2,1,66,1,"non-spammer"
122,108,1042,0,0,1428,0,0,0,0,1,37,0,"non-spammer"
187,0,6,0,0,161,0,0,1,1,1,116,0,"non-spammer"
5,14,5,0,0,720,0,0,5,0,1,70,1,"non-spammer"
130,805,851,0,0,150,0,0,1,0,1,77,0,"non-spammer"
580,171,223,1092,0,9552,0,0,0,0,1,3,0,"non-spammer"
169,1077,898,0,3,73980,0,0,5,0,1,67,0,"non-spammer"
783,7170,31,133,3,235881,0,0,0,0,1,54,0,"non-spammer"
306,183,199,6,0,1484,0,0,0,0,1,79,2,"non-spammer"
112,1,0,0,0,10269,0,0,0,0,1,24,6,"non-spammer"
265,76,604,35,1,1222,0,0,2,0,1,51,0,"non-spammer"
1629,3155,406,1,99,6355,0,0,0,0,2,33,0,"non-spammer"
115,197,195,86,6,820,0,0,2,2,1,107,0,"non-spammer"
156,1438,1779,1,5,18626,10,0,0,1,1,65,3,"non-spammer"
98,3244,3069,0,3,22291,0,0,0,0,1,117,0,"non-spammer"
1429,268,906,427,9,9479,0,0,0,0,1,111,0,"non-spammer"
804,136,338,434,0,1531,324,0,0,1,1,95,1,"non-spammer"
704,2337,2175,0,21,167418,0,0,1,0,1,111,0,"non-spammer"
813,201,149,100,0,5080,0,0,0,1,2,70,0,"non-spammer"
526,172,498,1137,0,3310,4,0,4,1,1,81,0,"non-spammer"
338,660,389,84539,2,81338,1,0,1,1,1,140,0,"non-spammer"
1486,307,348,748,25,93412,306,0,0,1,1,68,0,"non-spammer"
313,668,218,201,0,1882,0,0,2,1,1,71,1,"non-spammer"
873,103,60,198,0,4891,0,0,1,0,1,103,0,"non-spammer"
176,2116,1011,448,37,18019,0,0,0,0,1,116,0,"non-spammer"
287,370,270,0,5,6706,0,0,0,1,1,117,0,"non-spammer"
932,429,427,43,0,3428,0,0,0,0,1,56,0,"non-spammer"
1008,614,1985,2,2,644,0,0,1,1,1,73,0,"non-spammer"
1206,246,247,2415,0,15258,7,0,2,1,1,105,3,"non-spammer"
567,8613,434,66,55,22260,0,0,0,0,1,7,0,"non-spammer"
239,676,836,1923,0,11402,0,0,0,0,1,81,1,"non-spammer"
483,869,206,8,0,5651,0,0,0,0,1,41,0,"non-spammer"
514,342,270,842,0,4038,0,0,0,1,1,35,1,"non-spammer"
1179,1255,375,334,4,47386,0,0,0,1,1,80,0,"non-spammer"
1726,1227,783,30,14,7895,0,0,0,0,1,24,0,"non-spammer"
1099,51,86,144,2,2854,0,0,0,0,1,86,0,"non-spammer"
263,1,0,0,0,3462,0,0,0,0,1,115,5,"non-spammer"
0,0,0,0,0,54,0,0,0,1,1,72,4,"non-spammer"
138,1859,0,0,16,47062,0,0,12,0,2,83,0,"non-spammer"
492,201,339,197,0,2100,0,0,0,1,1,8,0,"non-spammer"
1954,119,170,286,0,7282,12,0,0,1,1,123,0,"non-spammer"
329,242,203,1004,0,3015,0,0,2,0,1,50,1,"non-spammer"
911,360,583,69,4,2307,0,0,0,1,1,71,0,"non-spammer"
62,289,314,0,0,12299,0,0,8,0,1,118,1,"non-spammer"
1705,1993,861,138,23,57753,0,0,0,0,1,22,0,"non-spammer"
525,15001,13375,0,54,11572,0,0,0,0,1,30,0,"non-spammer"
1358,1368,1238,400,3,32481,0,0,0,0,1,67,2,"non-spammer"
925,439,1043,69,0,1591,0,0,0,0,1,80,1,"non-spammer"
1539,351,386,3373,1,27660,6,0,0,1,1,110,0,"non-spammer"
15,27,35,32,0,388,0,0,1,0,1,27,8,"non-spammer"
1145,108,963,11,0,3620,0,0,0,0,1,21,0,"non-spammer"
687,403,282,3630,0,23332,0,0,0,0,1,23,0,"non-spammer"
1236,119,97,80,0,3038,0,0,0,0,1,33,0,"non-spammer"
910,218,279,962,1,9442,0,0,0,0,1,111,0,"non-spammer"
357,70,235,99,0,469,0,0,0,0,1,95,0,"non-spammer"
289,11067,12129,78,191,165160,5,0,4,1,1,98,2,"non-spammer"
1655,13572,10696,1463,25,196382,0,0,2,1,1,71,1,"non-spammer"
600,5034,5585,0,31,5594,0,0,0,0,2,85,0,"non-spammer"
149,210,348,5,7,78302,0,0,1,0,1,114,2,"non-spammer"
726,35,238,0,1,45091,0,0,0,0,1,54,6,"non-spammer"
403,98,55,183,0,4484,0,0,0,0,1,68,1,"non-spammer"
566,791,2000,62,0,114,0,0,2,0,1,76,0,"non-spammer"
978,141,238,3,12,1708,0,0,0,0,1,81,12,"non-spammer"
1456,47,225,17,0,662,0,0,0,0,1,4,0,"non-spammer"
432,22,126,5,1,139,0,0,0,2,1,117,0,"non-spammer"
921,317,30,306,0,9497,0,0,0,0,1,58,0,"non-spammer"
898,1714,1478,57,62,42289,0,0,0,0,1,56,0,"non-spammer"
788,457,490,2336,1,94213,0,0,0,1,1,105,0,"non-spammer"
994,1241,483,5766,3,159652,0,0,0,0,1,44,0,"non-spammer"
919,532,518,177,31,95204,3,0,0,1,1,109,10,"non-spammer"
1037,387,48,71,1,36167,0,0,0,0,1,52,0,"non-spammer"
62,50,140,319,1,13485,0,0,0,0,1,114,2,"non-spammer"
189,127,105,11,0,1322,0,0,0,0,1,43,0,"non-spammer"
391,652,951,625,0,8924,0,0,0,0,1,55,0,"non-spammer"
335,30,100,135,0,249,0,0,0,0,1,0,0,"non-spammer"
1298,5111,5142,34,64,47936,0,0,2,0,1,87,0,"non-spammer"
1473,22271,16112,2033,41,19120,0,0,0,0,1,65,0,"non-spammer"
1471,1468,330,1608,10,30986,0,0,0,0,1,35,0,"non-spammer"
110,1237,95,0,0,37564,0,0,2,0,1,114,4,"non-spammer"
977,124,204,434,1,380,0,0,0,0,1,27,0,"non-spammer"
1331,695,681,106,14,2194,0,0,0,0,2,96,4,"non-spammer"
954,943,1013,2678,1,8627,5,0,0,1,1,129,4,"non-spammer"
2,26,154,0,0,13,9,0,0,1,1,109,0,"non-spammer"
1689,525,1001,2949,2,12045,0,0,0,0,1,27,0,"non-spammer"
199,0,0,0,0,1483,0,0,1,0,1,109,4,"non-spammer"
1800,124594,137035,14054,628,66617,0,0,0,0,1,68,0,"non-spammer"
110,235,304,88,1,3836,5,0,0,2,1,129,0,"non-spammer"
22,330,2,1,0,3092,1370,0,0,2,2,96,4,"non-spammer"
948,474,577,10168,1,36944,2,0,0,2,1,93,0,"non-spammer"
83,3,32,0,0,875,0,0,1,0,2,34,4,"non-spammer"
1060,4957,4494,1449,56,40954,38,0,1,1,1,98,0,"non-spammer"
104,363,817,8,0,58,0,0,0,0,1,92,3,"non-spammer"
1336,185,231,5,0,3162,1,0,0,2,1,104,0,"non-spammer"
1930,609415,1673,120,4045,213037,0,0,1,0,1,35,0,"non-spammer"
141,0,2,0,0,20,5006,0,1,2,1,58,0,"non-spammer"
1727,145,297,1433,0,3960,0,0,0,0,1,97,0,"non-spammer"
464,342,449,21,8,23050,0,0,0,0,1,97,0,"non-spammer"
106,46,396,24,0,160,3394,0,0,1,1,107,0,"non-spammer"
969,1310,430,181,4,15625,48,0,0,1,1,114,1,"non-spammer"
1342,36,148,9,0,1646,0,0,0,0,1,53,0,"non-spammer"
1636,309,645,12,0,1228,0,0,0,1,1,52,0,"non-spammer"
67,1108,1158,0,7,17975,0,0,3,0,1,85,0,"non-spammer"
1024,712,503,291,29,32907,0,0,2,0,1,36,1,"non-spammer"
1048,1097,1107,12675,25,41124,5,0,0,3,1,138,0,"non-spammer"
154,3,11,0,0,34,0,0,0,0,1,7,0,"non-spammer"
475,3245,3352,1187,17,25529,0,0,1,0,1,32,8,"non-spammer"
346,50,111,461,0,6355,0,0,2,0,1,63,0,"non-spammer"
1726,151,8,1,9,27491,0,0,0,0,1,62,0,"non-spammer"
1288,327,216,165,11,31716,0,0,1,0,1,17,0,"non-spammer"
988,485,169,16,0,7116,42,0,0,1,1,87,2,"non-spammer"
1299,165,119,26,2,4001,0,0,0,0,1,8,0,"non-spammer"
105,153,343,2001,1,6716,1345,0,0,1,1,70,0,"non-spammer"
1167,18,79,16,0,1218,0,0,0,0,1,108,4,"non-spammer"
25,6,108,0,2,16042,0,0,0,0,1,65,0,"non-spammer"
104,818,1667,0,4,1345,0,0,0,0,1,114,0,"non-spammer"
1163,332,378,7,6,7158,0,0,2,3,1,78,3,"non-spammer"
1476,1021,1471,854,26,56876,6,0,0,1,1,70,0,"non-spammer"
1501,120,179,121,8,16607,0,0,0,0,1,106,1,"non-spammer"
1334,81,238,159,2,1390,9,0,2,1,1,121,0,"non-spammer"
1435,24,137,10,1,1199,0,0,0,0,1,24,0,"non-spammer"
1339,1340,2000,3,3,3579,0,0,0,1,1,107,2,"non-spammer"
1055,112,0,0,0,51808,0,0,0,0,1,43,0,"non-spammer"
1054,37,79,1992,0,2297,0,0,10,0,1,102,0,"non-spammer"
1611,12205,2108,42,554,22277,0,0,0,0,1,12,0,"non-spammer"
558,12,10,0,1,285460,0,0,1,0,1,89,4,"non-spammer"
2106,563,1323,15,17,67335,0,0,0,0,1,8,0,"non-spammer"
535,254,257,2,0,972,0,0,0,0,1,10,0,"non-spammer"
443,2051,2184,2,3,135066,0,0,0,0,1,114,4,"non-spammer"
794,264,258,6565,2,7131,0,0,0,0,1,76,2,"non-spammer"
922,7038,5,1,16,25124,0,0,2,0,1,60,3,"non-spammer"
760,11549,3015,560,2,49503,0,0,0,0,1,114,0,"non-spammer"
1082,2816,3197,102,11,6396,0,0,0,0,1,86,9,"non-spammer"
751,455,326,3713,1,9472,0,0,0,0,1,20,0,"non-spammer"
727,409,1258,31,0,15448,853,0,0,1,1,72,0,"non-spammer"
122,65,91,1,1,778,32,0,0,1,1,83,0,"non-spammer"
1371,146,157,187,0,234,1,0,0,3,1,118,6,"non-spammer"
77,20,34,3,0,2752,0,0,0,0,1,78,0,"non-spammer"
55,107,83,188,0,7252,83,0,0,1,1,110,0,"non-spammer"
114,12,10,0,0,343,0,0,0,0,1,25,0,"non-spammer"
1445,11730,7498,31,200,35232,0,0,0,0,1,0,0,"non-spammer"
1148,106,437,98,13,2346,0,0,2,0,1,116,0,"non-spammer"
1207,64,66,3,0,2830,76,0,1,2,1,113,2,"non-spammer"
721,261,430,840,0,3598,0,0,0,4,1,117,0,"non-spammer"
8,937,813,0,0,2933,716,0,0,2,2,96,4,"non-spammer"
1054,185,775,47,1,262,1,0,0,1,1,68,2,"non-spammer"
1046,780,634,20068,1,40648,0,0,9,0,1,106,1,"non-spammer"
1243,105,311,81,0,1457,0,0,0,0,1,87,0,"non-spammer"
1948,741,1319,4,15,36844,0,0,0,0,1,114,12,"non-spammer"
1139,496,397,557,0,31575,2885,0,0,1,1,99,0,"non-spammer"
87,2,15,2,0,18,0,0,0,1,1,42,0,"non-spammer"
1353,227,149,7,0,5773,0,0,0,0,1,114,0,"non-spammer"
123,666,251,1,1,25713,0,0,3,0,1,117,3,"non-spammer"
1783,1350,472,15,16,4265,17,0,0,2,1,37,0,"non-spammer"
253,118,211,39,2,3990,0,0,1,0,1,77,25,"non-spammer"
292,362,793,15,0,213,0,0,0,0,2,62,0,"non-spammer"
516,1085,881,4440,0,15497,0,0,0,0,1,50,0,"non-spammer"
762,49,178,0,0,25790,0,0,0,0,1,115,5,"non-spammer"
1720,136296,431,262,969,66349,0,0,0,2,1,71,0,"non-spammer"
1,24,37,57,0,32,0,0,0,1,1,13,0,"non-spammer"
1006,204,201,1768,3,33163,4,0,3,3,1,96,1,"non-spammer"
1323,740,876,155,2,1514,17,0,0,1,1,91,13,"non-spammer"
1233,224,0,0,0,56521,0,0,0,0,1,28,0,"non-spammer"
818,483,476,0,1,41642,0,0,0,0,1,47,10,"non-spammer"
112,47,21,0,2,24783,0,0,7,0,1,112,0,"non-spammer"
50,1,3,0,0,286,0,0,0,0,6,5,0,"non-spammer"
1903,2103,477,828,146,480484,0,0,1,1,1,74,6,"non-spammer"
236,73,103,63,2,2339,80,0,0,1,1,86,0,"non-spammer"
481,295,506,431,0,15070,0,0,0,0,1,46,0,"non-spammer"
826,219,199,550,0,13477,0,0,0,0,1,34,0,"non-spammer"
1138,201,62,2,3,4039,0,0,0,0,1,86,6,"non-spammer"
741,1405,620,23,3,57005,0,0,1,0,1,114,0,"non-spammer"
311,4,97,0,0,5300,0,0,0,0,1,102,0,"non-spammer"
1361,145,378,14,1,10045,0,0,0,0,1,34,0,"non-spammer"
1049,147,130,276,0,777,0,0,0,0,1,46,0,"non-spammer"
971,811,244,15,32,14452,0,0,0,1,1,51,1,"non-spammer"
1428,111,187,134,7,22709,0,0,0,0,1,23,0,"non-spammer"
2002,3396,3899,30,34,11916,0,0,0,0,1,47,0,"non-spammer"
436,29,73,15,0,588,0,0,0,0,1,48,0,"non-spammer"
743,10,15,0,0,518,0,0,0,0,1,85,0,"non-spammer"
876,1845,355,41,1,42320,0,0,0,0,1,52,0,"non-spammer"
2,1,0,0,0,563,0,0,0,0,1,52,0,"non-spammer"
302,5081,2126,6835,71,40995,173,0,0,2,1,54,2,"non-spammer"
1524,116,897,183,0,9339,1,0,0,1,1,99,2,"non-spammer"
1075,2,62,1,0,259,0,0,1,0,1,82,3,"non-spammer"
892,583,1588,12158,19,10171,0,0,0,1,1,72,0,"non-spammer"
590,509,465,419,0,48629,0,0,0,0,1,63,0,"non-spammer"
325,4328,1779,0,4,10151,6,0,0,1,1,70,0,"non-spammer"
1105,862,335,23,2,15305,0,0,0,0,1,48,0,"non-spammer"
622,165,184,5,0,4680,0,0,0,0,1,41,2,"non-spammer"
615,1431,1628,805,0,8059,13,0,0,2,1,52,0,"non-spammer"
1600,369,362,18,28,21819,8,0,0,1,1,44,0,"non-spammer"
141,1,3,0,2,18241,0,0,0,0,1,11,2,"non-spammer"
435,99,95,1252,2,6959,0,0,0,2,1,90,2,"non-spammer"
498,895,1133,346,11,2509,0,0,2,0,1,70,2,"non-spammer"
1133,263,339,79,0,8320,0,0,0,0,1,41,0,"non-spammer"
131,48,67,0,2,18989,0,0,0,0,4,45,0,"non-spammer"
1552,618,1244,6,12,17449,0,0,0,0,1,50,0,"non-spammer"
359,541,1949,0,2,13968,0,0,0,0,1,62,0,"non-spammer"
132,20,21,8,0,73,0,0,0,0,1,80,0,"non-spammer"
75,64,56,1,0,1140,30,0,0,1,1,132,0,"non-spammer"
574,119,150,911,0,4629,0,0,0,0,1,76,2,"non-spammer"
1020,598,323,0,16,1279,0,0,0,0,1,76,1,"non-spammer"
1199,588,348,75,0,43898,21,0,0,1,1,53,6,"non-spammer"
7,47,81,0,0,1893,0,0,0,0,1,25,1,"non-spammer"
1696,667,1817,0,4,15818,0,0,0,0,1,117,0,"non-spammer"
231,2,8,0,0,8859,0,0,3,0,1,66,3,"non-spammer"
1043,5,21,5,0,10,0,0,0,0,1,22,0,"non-spammer"
571,558,536,280,15,10260,0,0,0,0,1,38,0,"non-spammer"
909,15,116,23,0,1077,0,0,0,0,1,71,2,"non-spammer"
1553,2307,932,15,38,32580,0,0,0,0,1,53,0,"non-spammer"
778,224,205,1130,0,8904,12,0,0,1,1,91,0,"non-spammer"
642,187,483,338,0,7354,13,0,0,1,1,77,0,"non-spammer"
782,903,1704,0,7,8373,0,0,0,0,1,75,0,"non-spammer"
1384,697,455,708,0,42077,0,0,0,0,1,27,0,"non-spammer"
65,1008,1639,0,1,25624,0,0,0,0,1,100,1,"non-spammer"
1215,409,349,18,0,19441,0,0,0,0,1,48,0,"non-spammer"
185,63,236,8,0,694,0,0,1,0,1,32,0,"non-spammer"
189,53,20,0,1,94,2,0,0,1,1,128,6,"non-spammer"
2,9,11,0,0,13,0,0,0,0,1,101,1,"non-spammer"
791,1310,907,4532,1,9391,132,0,0,1,1,46,0,"non-spammer"
1361,1341,231,501,10,81580,0,0,0,0,1,118,1,"non-spammer"
321,103,21,4254,0,17772,872,0,3,1,1,55,1,"non-spammer"
179,130,93,8671,0,11071,0,0,0,0,1,15,0,"non-spammer"
1817,341,1888,927,5,10917,0,0,0,0,1,17,0,"non-spammer"
1403,407,996,132,26,1184,0,0,0,0,1,22,0,"non-spammer"
994,932,479,570,4,29173,0,0,0,0,1,21,0,"non-spammer"
808,3,1713,0,0,487,0,0,0,0,1,23,0,"non-spammer"
105,161,254,0,1,24195,0,0,0,0,1,117,4,"non-spammer"
538,17246,16714,2130,14,9109,0,0,1,1,1,117,1,"non-spammer"
406,923,1030,143,0,5183,1315,0,0,2,2,96,4,"non-spammer"
100,362,416,0,1,16511,0,0,0,0,1,117,1,"non-spammer"
498,1781,1690,470,2,27528,0,0,0,0,1,68,5,"non-spammer"
983,173,550,20,0,2574,0,0,0,1,1,31,0,"non-spammer"
51,2,0,0,0,10741,0,0,0,0,1,43,1,"non-spammer"
463,272,480,2,5,2125,0,0,0,1,1,27,0,"non-spammer"
29,87,42,0,0,1344,0,0,0,0,1,35,0,"non-spammer"
776,58,366,4,0,240,0,0,0,0,1,109,0,"non-spammer"
736,5173,5142,0,7,14706,0,0,0,0,1,47,0,"non-spammer"
908,330,1120,681,7,4953,1,0,0,2,1,114,0,"non-spammer"
1290,696,581,65,9,244762,2,0,0,1,1,45,0,"non-spammer"
60,11,15,0,0,99,0,0,0,0,1,18,0,"non-spammer"
1506,101,545,314,0,956,0,0,0,0,1,51,0,"non-spammer"
1707,9987,287,215,130,10146,0,0,1,1,1,83,2,"non-spammer"
1331,2732,2897,643,14,8206,354,0,0,2,1,128,0,"non-spammer"
999,57,134,4,0,284,0,0,1,0,1,54,0,"non-spammer"
711,216,300,351,0,2803,0,0,0,0,1,83,3,"non-spammer"
66,537,773,612,0,80620,0,0,4,0,1,44,0,"non-spammer"
146,7,16,0,0,235,0,0,0,0,1,104,0,"non-spammer"
961,392,423,90,2,35087,0,0,0,1,1,88,1,"non-spammer"
646,19,13,3,1,1791,0,0,0,0,1,100,2,"non-spammer"
410,2278,1696,0,18,5824,0,0,0,0,1,59,0,"non-spammer"
180,1302,1072,149,1,10526,0,0,0,0,1,86,6,"non-spammer"
2081,416,571,581,10,9662,0,0,0,0,1,44,0,"non-spammer"
1425,112,103,87,0,2017,0,0,2,0,1,80,1,"non-spammer"
1685,542,504,20,1,15785,0,0,1,2,1,87,1,"non-spammer"
882,830,1434,0,7,12562,0,0,4,0,1,60,6,"non-spammer"
1568,15,46,1,0,156,0,0,0,1,1,46,3,"non-spammer"
1125,862,228,24,1,35237,0,0,1,0,1,114,0,"non-spammer"
962,210,227,16,3,10074,0,0,0,0,1,6,2,"non-spammer"
12,2086,0,0,13,8708,0,0,1,0,2,89,3,"non-spammer"
59,12,79,6,0,417,368,0,0,1,1,118,3,"non-spammer"
148,0,39,0,0,103081,0,0,0,0,1,13,0,"non-spammer"
830,62,141,18,4,10486,125,0,0,1,1,75,3,"non-spammer"
182,167,228,207,0,198,6794,0,0,1,1,35,0,"non-spammer"
32,126,112,0,2,14229,0,0,7,0,1,107,0,"non-spammer"
417,283,63,394,1,4396,402,0,1,1,1,117,0,"non-spammer"
583,1,13,0,0,17602,0,0,0,1,1,56,5,"non-spammer"
245,1752,1629,0,3,40554,0,0,2,0,1,49,0,"non-spammer"
273,2314,2493,1763,9,14461,0,0,0,0,1,35,5,"non-spammer"
1355,21,63,1,0,153,0,0,1,0,1,60,2,"non-spammer"
1740,400,862,1,3,3312,0,0,0,0,1,100,0,"non-spammer"
339,1051,614,95,0,11507,1505,0,0,2,2,96,4,"non-spammer"
257,796,670,0,0,21092,0,0,0,1,1,99,0,"non-spammer"
522,287,314,41,1,3662,0,0,0,0,1,14,0,"non-spammer"
778,270,204,39,1,1678,0,0,0,0,1,67,2,"non-spammer"
249,174,127,50,0,4709,1925,0,0,1,1,69,1,"non-spammer"
33,26,33,83,0,21,0,0,2,0,1,67,6,"non-spammer"
622,443,978,169,10,12042,165,0,0,1,1,105,4,"non-spammer"
13,233,52,0,0,119,0,0,0,0,1,77,3,"non-spammer"
762,1903067,2583,330,8877,23079,0,0,1,0,1,53,0,"non-spammer"
851,558,938,141,3,2080,2,0,3,2,1,118,0,"non-spammer"
120,2732,2900,0,4,18311,0,0,4,0,1,44,2,"non-spammer"
647,1456,2000,0,6,54290,0,0,0,0,1,114,0,"non-spammer"
0,5,12,0,0,455,0,0,0,0,6,5,0,"non-spammer"
95,270,106,14,0,7828,0,0,0,3,1,105,2,"non-spammer"
0,0,51,0,0,3,0,0,0,0,1,13,1,"non-spammer"
1459,281,205,83,19,4986,0,0,5,1,1,113,2,"non-spammer"
595,664,69,0,18,6408,0,0,3,0,1,66,0,"non-spammer"
1480,7278,7,0,532,461424,0,0,0,0,1,104,4,"non-spammer"
826,38,128,211,0,4583,0,0,0,0,1,63,0,"non-spammer"
6,7,27,0,0,5423,0,0,0,0,1,44,0,"non-spammer"
983,741,297,1081,2,27113,0,0,0,1,1,71,0,"non-spammer"
664,567,860,520,3,55512,1,0,0,2,1,108,0,"non-spammer"
106,90,236,0,3,1862,0,0,0,0,1,33,0,"non-spammer"
681,1595,1956,59,25,4312,2,0,1,1,1,120,0,"non-spammer"
1825,1584,1999,249,25,18609,13,0,0,2,1,92,0,"non-spammer"
0,0,67,0,0,4,3,0,0,1,1,77,4,"non-spammer"
178,812,1130,0,0,84382,0,0,0,0,1,49,2,"non-spammer"
184,121,218,9,0,1177,0,0,0,0,1,116,0,"non-spammer"
1711,30936,127,0,209,59427,0,0,1,0,1,59,0,"non-spammer"
405,469,1960,3,2,393,0,0,0,0,1,112,0,"non-spammer"
519,1030,806,0,6,7450,20,0,1,1,2,87,4,"non-spammer"
302,174,241,0,2,487,0,0,0,0,1,69,0,"non-spammer"
1163,159,144,9,0,2566,0,0,0,0,1,68,1,"non-spammer"
430,197,170,0,3,80900,0,0,0,0,1,14,0,"non-spammer"
71,928,1027,0,1,11899,0,0,0,0,1,110,5,"non-spammer"
350,301,186,1468,0,8452,0,0,0,0,1,22,0,"non-spammer"
812,5718,2,0,35,48907,0,0,0,0,1,114,0,"non-spammer"
1563,1030,966,14,30,3824,0,0,0,1,1,107,0,"non-spammer"
1326,2542,2797,887,13,35935,70,0,0,1,1,45,1,"non-spammer"
31,136,205,2,2,3581,1,0,0,1,1,79,0,"non-spammer"
1166,460,7,11,27,242394,0,0,2,0,1,56,0,"non-spammer"
1424,347,367,2647,0,11628,0,0,2,0,1,53,0,"non-spammer"
375,658,390,198,0,3893,7402,0,0,1,1,123,3,"non-spammer"
971,540,321,247,0,7275,0,0,1,0,1,21,0,"non-spammer"
1706,218,602,2,5,1181,0,0,0,0,1,57,0,"non-spammer"
993,30,15,0,3,1259,0,0,0,0,1,66,0,"non-spammer"
438,175,247,4,0,1742,2819,0,0,1,1,106,1,"non-spammer"
15,6,3,0,0,14405,0,0,0,0,6,5,0,"non-spammer"
135,3424,3635,7,1,3702,7,0,0,1,1,77,1,"non-spammer"
66,6,21,0,0,24869,0,0,4,0,1,85,0,"non-spammer"
639,407,2199,0,1,130339,0,0,0,0,1,114,0,"non-spammer"
981,1809,3876,7,2,4592,0,0,0,0,2,8,0,"non-spammer"
56,8,38,3,0,74,0,0,0,1,1,54,0,"non-spammer"
1547,505,719,28,7,5884,1,0,1,1,1,85,0,"non-spammer"
840,34618,2974,55,402,60109,0,0,0,0,1,71,4,"non-spammer"
1774,329,184,151,29,8401,15,0,0,1,1,127,2,"non-spammer"
665,165,700,29,0,3241,0,0,1,1,1,22,0,"non-spammer"
105,934,60,0,1,97956,0,0,0,0,1,110,3,"non-spammer"
1281,60,101,0,0,19754,3,0,0,1,1,123,9,"non-spammer"
592,261,412,14,1,886,0,0,0,0,1,39,0,"non-spammer"
1191,212,98,1,0,4983,0,0,0,0,1,35,0,"non-spammer"
130,266,695,20,0,857,0,0,1,2,2,67,1,"non-spammer"
198,1801,1710,45,2,326,0,0,0,0,1,84,0,"non-spammer"
410,563,1393,0,4,16987,0,0,0,0,1,114,2,"non-spammer"
197,151,147,3917,1,18769,0,0,0,0,1,12,0,"non-spammer"
643,800,42,4,14,1854,2,0,0,2,1,130,4,"non-spammer"
766,18144,597,190,177,75912,0,0,0,0,1,106,0,"non-spammer"
795,3,447,0,0,604,0,0,1,0,2,30,0,"non-spammer"
1266,14457,5718,341,370,14622,0,0,2,0,1,95,0,"non-spammer"
1324,985,1583,2666,29,10747,0,0,0,0,1,39,0,"non-spammer"
1501,21,6,0,1,108,0,0,1,0,2,47,0,"non-spammer"
346,22586,565,472,0,3700,0,0,8,0,1,118,13,"non-spammer"
1103,9,145,4,0,55755,0,0,0,0,1,7,0,"non-spammer"
143,9,45,3,0,1409,0,0,2,0,1,45,0,"non-spammer"
603,79,168,79,0,3564,4,0,0,1,1,73,6,"non-spammer"
92,144,486,29,0,2577,0,0,1,0,1,55,0,"non-spammer"
1049,107,229,7,0,555,0,0,1,0,1,84,0,"non-spammer"
1059,839,1505,43,16,116424,0,0,0,0,1,39,0,"non-spammer"
2497,49588,3599,133,3109,42797,0,0,1,2,1,102,0,"non-spammer"
1441,478,411,16,0,20957,0,0,0,1,1,75,5,"non-spammer"
886,326,370,6,0,13574,0,0,0,0,1,30,0,"non-spammer"
316,1084,665,6525,0,10159,0,0,1,0,1,38,0,"non-spammer"
874,13020,14360,138,2,25747,0,0,0,0,1,114,0,"non-spammer"
865,53,47,36,0,1810,0,0,0,0,1,24,0,"non-spammer"
1122,1,1,0,0,841,0,0,1,0,1,27,0,"non-spammer"
667,658,1739,210,4,27719,686,0,1,2,1,116,4,"non-spammer"
633,16311,14255,1973,103,51005,0,0,0,1,1,33,0,"non-spammer"
859,1934,1830,1133,3,63169,0,0,0,1,1,15,0,"non-spammer"
1660,982,790,328,32,3592,0,0,0,1,1,118,1,"non-spammer"
927,131,701,3,0,501,353,0,0,1,1,75,4,"non-spammer"
294,44,141,7,1,816,0,0,0,1,1,66,0,"non-spammer"
1523,579,876,7,1,10216,0,0,0,2,1,104,1,"non-spammer"
102,17,15,0,0,12827,0,0,0,0,1,114,0,"non-spammer"
633,11,47,305,0,469,11,0,0,4,1,118,1,"non-spammer"
396,246,123,490,0,3506,6496,0,0,1,1,86,0,"non-spammer"
191,283,1790,21,0,485,71,0,1,1,1,125,0,"non-spammer"
316,631,246,33,15,394,0,0,0,0,1,89,0,"non-spammer"
1175,85258,1423,1722,11,14018,0,0,0,0,1,8,0,"non-spammer"
968,41,2003,3,1,165,0,0,0,0,2,86,16,"non-spammer"
1096,2851,3147,0,38,14928,0,0,0,0,1,49,0,"non-spammer"
141,0,2,0,0,17,5316,0,1,2,1,59,0,"non-spammer"
1201,5244,3805,2448,6,76611,3778,0,0,2,1,128,0,"non-spammer"
16,68,62,0,0,11236,0,0,0,0,1,57,1,"non-spammer"
1688,1196,493,783,11,52944,0,0,0,1,1,114,1,"non-spammer"
332,593,222,29,0,3108,0,0,0,0,1,51,0,"non-spammer"
424,83,247,0,2,3831,0,0,0,0,1,70,0,"non-spammer"
25,69,26,0,0,18,0,0,1,0,1,27,0,"non-spammer"
1101,109,132,1,1,17915,0,0,0,0,1,60,0,"non-spammer"
238,169,1126,34,0,3456,2,0,2,1,1,105,0,"non-spammer"
1604,974,179,374,34,19549,0,0,0,0,1,19,1,"non-spammer"
711,257,230,85,2,49941,0,0,0,0,1,63,0,"non-spammer"
776,97,96,655,0,767,0,0,0,1,1,39,0,"non-spammer"
685,76,241,3,5,262,56,0,0,2,1,70,1,"non-spammer"
840,146,205,6364,0,3977,0,0,2,0,1,67,0,"non-spammer"
1531,19614,2673,163,16,52559,0,0,2,1,2,84,4,"non-spammer"
675,7,2,0,0,60,15,0,0,1,1,118,3,"non-spammer"
239,12,31,0,0,981,3953,0,0,1,1,81,0,"non-spammer"
1636,95,455,7,0,1421,4,0,0,1,1,80,1,"non-spammer"
219,5,41,0,0,5253,0,0,0,0,1,41,0,"non-spammer"
890,311,215,2506,1,22590,222,0,0,1,1,99,0,"non-spammer"
938,1075,837,0,36,70580,0,0,2,0,1,114,2,"non-spammer"
872,531,284,268,0,30977,0,0,0,0,1,70,2,"non-spammer"
1664,118,390,1169,2,3463,0,0,1,0,1,14,0,"non-spammer"
541,162,291,12,0,17045,0,0,1,0,2,65,0,"non-spammer"
122,79,61,86,0,1755,0,0,0,0,1,45,0,"non-spammer"
34,0,0,0,0,17,0,0,0,0,1,16,0,"non-spammer"
237,28,158,27,0,75,13,0,0,1,1,100,0,"non-spammer"
278,724,1773,96,0,3409,0,0,0,2,2,61,1,"non-spammer"
1466,1253,864,22,2,75811,0,0,0,0,1,31,0,"non-spammer"
564,964,2002,19,8,32239,0,0,2,0,1,38,0,"non-spammer"
633,1477,1888,354,7,25945,0,0,0,0,1,36,0,"non-spammer"
21,6,30,0,2,15260,0,0,0,0,1,31,0,"non-spammer"
1630,133,182,0,2,9575,21,0,0,2,1,89,0,"non-spammer"
712,271,338,32,1,1504,566,0,1,1,1,86,4,"non-spammer"
831,276,253,57,6,20470,4,0,2,1,1,111,5,"non-spammer"
1554,499,653,215,1,6649,0,0,0,0,1,24,0,"non-spammer"
138,44,148,0,0,128,0,0,0,0,1,0,0,"non-spammer"
69,0,0,0,0,826,18,0,1,1,1,118,11,"non-spammer"
1060,750,653,2417,0,15409,0,0,0,1,1,38,0,"non-spammer"